1435.75
1435.93
1435.73
1435.86
1435.85
1435.92
1435.89
1435.85
1435.84
1435.84
1435.85
1435.76
1435.76
1435.75
1435.8
1435.79
1435.85
1435.88
1435.77
1435.91
1435.79
1435.86
1435.74
1435.91
1435.81
1435.8
1435.83
1435.9
1435.91
1435.67
1373.16
1373.31
1373.16
1373.26
1373.26
1373.32
1373.29
1373.26
1373.25
1373.24
1373.25
1373.18
1373.17
1373.16
1373.21
1373.2
1373.26
1373.28
1373.19
1373.3
1373.21
1373.26
1373.16
1373.3
1373.22
1373.2
1373.24
1373.3
1373.31
1373.11
1312.07
1312.19
1312.07
1312.15
1312.16
1312.21
1312.19
1312.16
1312.14
1312.14
1312.15
1312.08
1312.07
1312.06
1312.11
1312.11
1312.15
1312.17
1312.1
1312.19
1312.11
1312.15
1312.07
1312.19
1312.12
1312.1
1312.13
1312.19
1312.19
1312.03
1252.4
1252.5
1252.4
1252.47
1252.48
1252.52
1252.5
1252.47
1252.46
1252.45
1252.46
1252.4
1252.4
1252.39
1252.42
1252.43
1252.47
1252.49
1252.43
1252.5
1252.44
1252.47
1252.4
1252.5
1252.44
1252.42
1252.45
1252.5
1252.5
1252.37
1194.08
1194.16
1194.08
1194.14
1194.15
1194.19
1194.17
1194.15
1194.13
1194.12
1194.13
1194.08
1194.07
1194.07
1194.1
1194.11
1194.15
1194.16
1194.11
1194.17
1194.12
1194.14
1194.09
1194.16
1194.11
1194.1
1194.12
1194.17
1194.17
1194.06
1137.06
1137.12
1137.06
1137.11
1137.12
1137.16
1137.14
1137.12
1137.1
1137.09
1137.1
1137.06
1137.05
1137.04
1137.07
1137.09
1137.12
1137.13
1137.09
1137.13
1137.09
1137.11
1137.07
1137.13
1137.08
1137.07
1137.09
1137.14
1137.14
1137.04
1081.28
1081.33
1081.27
1081.32
1081.34
1081.36
1081.35
1081.33
1081.3
1081.3
1081.31
1081.27
1081.26
1081.25
1081.28
1081.3
1081.33
1081.34
1081.3
1081.34
1081.3
1081.31
1081.28
1081.34
1081.29
1081.28
1081.3
1081.34
1081.34
1081.27
1026.68
1026.72
1026.68
1026.72
1026.73
1026.76
1026.74
1026.73
1026.7
1026.69
1026.7
1026.67
1026.66
1026.65
1026.68
1026.7
1026.73
1026.73
1026.7
1026.74
1026.7
1026.71
1026.69
1026.73
1026.69
1026.68
1026.69
1026.74
1026.74
1026.68
973.22
973.248
973.213
973.254
973.269
973.288
973.276
973.26
973.231
973.226
973.234
973.212
973.197
973.189
973.22
973.244
973.262
973.268
973.243
973.27
973.24
973.245
973.228
973.261
973.219
973.211
973.227
973.267
973.271
973.224
920.851
920.869
920.841
920.881
920.895
920.911
920.899
920.885
920.854
920.848
920.859
920.841
920.825
920.816
920.848
920.874
920.888
920.893
920.872
920.894
920.867
920.87
920.858
920.885
920.842
920.835
920.85
920.89
920.895
920.861
869.53
869.539
869.516
869.555
869.569
869.581
869.57
869.558
869.523
869.518
869.531
869.518
869.5
869.49
869.522
869.551
869.562
869.565
869.547
869.567
869.541
869.543
869.536
869.557
869.513
869.507
869.52
869.56
869.567
869.545
819.214
819.215
819.197
819.235
819.249
819.259
819.247
819.238
819.2
819.194
819.21
819.201
819.182
819.17
819.204
819.235
819.243
819.245
819.229
819.246
819.221
819.222
819.219
819.236
819.19
819.186
819.197
819.237
819.246
819.235
769.866
769.859
769.845
769.884
769.897
769.904
769.893
769.886
769.843
769.838
769.857
769.852
769.831
769.818
769.853
769.887
769.891
769.893
769.878
769.894
769.869
769.87
769.87
769.884
769.834
769.832
769.841
769.883
769.893
769.893
721.449
721.435
721.424
721.464
721.476
721.481
721.469
721.465
721.418
721.413
721.435
721.434
721.411
721.397
721.433
721.471
721.471
721.471
721.458
721.473
721.448
721.448
721.452
721.463
721.409
721.409
721.416
721.459
721.471
721.482
673.928
673.907
673.9
673.941
673.952
673.954
673.942
673.942
673.889
673.884
673.91
673.913
673.888
673.871
673.91
673.951
673.947
673.947
673.935
673.949
673.924
673.923
673.931
673.939
673.88
673.882
673.887
673.933
673.946
673.968
627.271
627.243
627.238
627.282
627.292
627.292
627.279
627.282
627.224
627.22
627.249
627.255
627.229
627.209
627.251
627.295
627.287
627.286
627.275
627.289
627.263
627.262
627.273
627.28
627.215
627.22
627.222
627.271
627.284
627.318
581.447
581.412
581.41
581.456
581.465
581.463
581.449
581.457
581.392
581.388
581.422
581.432
581.403
581.381
581.425
581.473
581.461
581.459
581.449
581.463
581.435
581.434
581.449
581.454
581.383
581.391
581.39
581.443
581.456
581.502
536.427
536.386
536.386
536.435
536.443
536.438
536.423
536.435
536.363
536.36
536.399
536.412
536.381
536.355
536.403
536.455
536.438
536.436
536.426
536.441
536.411
536.41
536.429
536.433
536.354
536.366
536.362
536.419
536.432
536.491
492.183
492.135
492.137
492.19
492.196
492.189
492.173
492.191
492.11
492.108
492.152
492.169
492.135
492.106
492.158
492.214
492.191
492.19
492.179
492.195
492.163
492.162
492.185
492.189
492.101
492.118
492.11
492.171
492.183
492.256
448.689
448.634
448.638
448.695
448.7
448.691
448.673
448.697
448.607
448.606
448.656
448.677
448.64
448.606
448.662
448.723
448.695
448.693
448.682
448.7
448.665
448.664
448.691
448.696
448.598
448.62
448.608
448.674
448.684
448.772
405.92
405.858
405.864
405.926
405.929
405.917
405.897
405.929
405.829
405.829
405.884
405.909
405.869
405.83
405.891
405.958
405.923
405.921
405.91
405.93
405.892
405.891
405.923
405.928
405.818
405.846
405.83
405.902
405.91
406.014
363.851
363.782
363.791
363.858
363.859
363.845
363.823
363.863
363.751
363.753
363.814
363.843
363.799
363.755
363.821
363.894
363.852
363.851
363.839
363.862
363.819
363.818
363.855
363.861
363.74
363.775
363.752
363.832
363.836
363.958
322.461
322.385
322.396
322.469
322.468
322.452
322.427
322.476
322.351
322.355
322.423
322.456
322.408
322.358
322.43
322.51
322.459
322.459
322.446
322.473
322.426
322.424
322.467
322.474
322.338
322.382
322.353
322.441
322.44
322.581
281.728
281.644
281.657
281.738
281.734
281.715
281.687
281.747
281.607
281.613
281.689
281.727
281.674
281.618
281.696
281.783
281.723
281.725
281.711
281.741
281.688
281.687
281.735
281.745
281.594
281.647
281.611
281.707
281.7
281.863
241.631
241.54
241.555
241.643
241.636
241.616
241.584
241.656
241.5
241.508
241.592
241.634
241.576
241.513
241.598
241.693
241.623
241.627
241.611
241.646
241.587
241.587
241.64
241.653
241.484
241.549
241.504
241.61
241.596
241.783
202.15
202.051
202.069
202.166
202.155
202.133
202.097
202.182
202.008
202.02
202.111
202.159
202.095
202.025
202.117
202.221
202.14
202.146
202.128
202.168
202.103
202.102
202.162
202.179
201.991
202.068
202.013
202.131
202.108
202.321
163.267
163.161
163.181
163.288
163.273
163.248
163.208
163.309
163.114
163.129
163.23
163.282
163.213
163.134
163.234
163.349
163.255
163.263
163.243
163.289
163.217
163.216
163.283
163.304
163.094
163.186
163.12
163.251
163.217
163.459
124.964
124.85
124.873
124.99
124.971
124.944
124.898
125.016
124.799
124.819
124.928
124.986
124.911
124.822
124.932
125.057
124.949
124.961
124.938
124.991
124.91
124.91
124.984
125.01
124.776
124.885
124.807
124.952
124.905
125.179
87.2238
87.1017
87.1284
87.2562
87.2318
87.2036
87.1509
87.2888
87.0466
87.071
87.1906
87.2544
87.1718
87.073
87.1925
87.3294
87.2065
87.2217
87.1956
87.2567
87.1669
87.1666
87.2484
87.281
87.0205
87.1486
87.0554
87.2169
87.1549
87.4651
