1500.060000
1500.040000
1500.060000
1500.020000
1500.100000
1500.020000
1500.160000
1499.830000
1499.950000
1499.770000
1500.020000
1500.090000
1499.950000
1500.030000
1499.940000
1499.930000
1499.910000
1500.070000
1500.010000
1499.970000
1499.930000
1499.890000
1499.930000
1500.120000
1499.840000
1499.980000
1499.940000
1500.140000
1499.930000
1500.040000
1406.717318
1406.894929
1407.299314
1407.937282
1408.961794
1410.318629
1412.247424
1414.467367
1417.422986
1420.679859
1424.387331
1427.937287
1430.947613
1433.283895
1434.468463
1434.456448
1433.219453
1431.004627
1427.895876
1424.365354
1420.769064
1417.404710
1414.515837
1412.208140
1410.188402
1408.859468
1407.873225
1407.323812
1406.827840
1406.698658
1320.533400
1320.884274
1321.642555
1322.885706
1324.789391
1327.440209
1331.058079
1335.571851
1341.203567
1347.612791
1354.593809
1361.407575
1367.344028
1371.827466
1374.194611
1374.184567
1371.790853
1367.372562
1361.385888
1354.585322
1347.666144
1341.200301
1335.593596
1331.019887
1327.339894
1324.701980
1322.829583
1321.640122
1320.837907
1320.517477
1240.466518
1240.969850
1242.047740
1243.832415
1246.542401
1250.369196
1255.563768
1262.181698
1270.337958
1279.698293
1289.804991
1299.732028
1308.452560
1315.006933
1318.502532
1318.495071
1314.985494
1308.468066
1299.721279
1289.803374
1279.732133
1270.339137
1262.188508
1255.526844
1250.287930
1246.466702
1243.781053
1242.031653
1240.934074
1240.452972
1165.687802
1166.324839
1167.687634
1169.955590
1173.398721
1178.297666
1184.958196
1193.528356
1204.074725
1216.235805
1229.353632
1242.290429
1253.706667
1262.284355
1266.878192
1266.873047
1262.271917
1253.716419
1242.286303
1229.355759
1216.258336
1204.076171
1193.526229
1184.922516
1178.229122
1173.332052
1169.907564
1167.664373
1166.294701
1165.675982
1095.527079
1096.280511
1097.894428
1100.591415
1104.696878
1110.573734
1118.595415
1128.989863
1141.809151
1156.654523
1172.696604
1188.574339
1202.635171
1213.211707
1218.889921
1218.886680
1213.205083
1202.642739
1188.574629
1172.700981
1156.670145
1141.809289
1128.982027
1118.560841
1110.514024
1104.637180
1100.545970
1097.867259
1096.253415
1095.516404
1029.434866
1030.288560
1032.121269
1035.196380
1039.896587
1046.664372
1055.949156
1068.056473
1083.046433
1100.483621
1119.385306
1138.161341
1154.842733
1167.412081
1174.172661
1174.170968
1167.409543
1154.849939
1138.164892
1119.391236
1100.494850
1083.044748
1068.044744
1055.915496
1046.610992
1039.842327
1035.153048
1032.091858
1030.263037
1029.424880
966.955078
967.893944
969.914756
973.320058
978.550833
986.128429
996.584646
1010.305442
1027.376119
1047.330281
1069.044588
1090.696449
1109.994761
1124.565594
1132.415499
1132.415090
1124.566170
1110.002570
1090.702654
1069.051779
1047.338641
1027.372510
1010.290873
996.551693
986.079702
978.500878
973.278511
969.883933
967.869086
966.945431
907.705019
908.714929
910.894839
914.585105
920.285600
928.596802
940.138425
955.382394
974.453729
996.863331
1021.357324
1045.878337
1067.805752
1084.398615
1093.351833
1093.352526
1084.401746
1067.814687
1045.886893
1021.365699
996.869804
974.448233
955.365603
940.105977
928.551565
920.239116
914.545103
910.862980
908.690118
907.695435
851.360451
852.428183
854.739838
858.672331
864.784836
873.757645
886.303506
902.987364
923.987200
948.800932
976.052884
1003.448947
1028.030225
1046.675392
1056.751584
1056.753262
1046.680758
1028.040585
1003.459726
976.062481
948.806186
923.979873
902.968711
886.271375
873.715065
864.741209
858.633701
854.707056
852.402950
851.350703
797.644266
798.757454
801.175097
805.309375
811.779105
821.345169
834.818243
852.864224
875.726682
902.901177
932.898349
963.185514
990.455636
1011.191482
1022.415000
1022.417601
1011.198910
990.467588
963.198492
932.909273
902.905695
875.717546
852.843908
834.786257
821.304634
811.737885
805.272008
801.141348
798.731409
797.634153
746.317769
747.464862
749.964260
754.262004
761.036881
771.131052
785.457827
804.792543
829.456718
858.954821
891.691724
924.894345
954.896758
977.768525
990.167694
990.171194
977.777935
954.910395
924.909567
891.704120
858.958978
829.445740
804.770663
785.425833
771.092097
760.997746
754.225854
749.929396
747.437654
746.307107
697.173885
698.344105
700.902481
705.327332
712.357796
722.917752
738.027698
758.581263
784.990174
816.779600
852.256621
888.405922
921.191214
946.250057
959.856638
959.861044
946.261434
921.206577
888.423482
852.270658
816.783709
784.977251
758.557853
737.995561
722.880018
712.320519
705.292419
700.866277
698.315402
697.162490
650.031798
651.215104
653.811070
658.328478
665.567314
676.533258
692.358375
714.063706
742.163450
776.215730
814.438039
853.570993
889.195869
916.498122
931.346897
931.352244
916.511504
889.212957
853.591019
814.453904
776.220075
742.148404
714.038760
692.325975
676.496454
665.531742
658.294895
653.773233
651.184581
650.019484
604.732681
605.919736
608.533230
613.110313
620.512503
631.826903
648.301340
671.093611
700.832672
737.122311
778.098985
820.257421
858.783912
888.390513
904.518969
904.525317
888.405978
858.802683
820.280072
778.116871
737.127168
700.815241
671.067102
648.268577
631.790786
620.478540
613.078234
608.493403
605.887068
604.719251
561.136259
562.318393
564.930626
569.536034
577.058635
588.666007
605.725745
629.541940
660.870629
699.374420
743.117733
788.347622
829.842457
861.818500
879.266582
879.274013
861.836163
829.862827
788.373091
743.137842
699.380083
660.850461
629.513832
605.692536
588.630365
577.026227
569.505728
564.888383
562.283254
561.121499
519.118014
520.287192
522.880603
527.484391
535.086430
546.933156
564.515736
589.294290
622.164282
662.860749
709.385595
757.736471
802.270579
836.684954
855.494873
855.503491
836.704969
802.292415
757.764979
709.408128
662.867544
622.140918
589.264553
564.482014
546.897794
535.055557
527.456230
522.835438
520.249259
519.101687
478.566897
479.715692
482.273908
486.847410
494.489805
506.523976
524.568267
550.248771
584.612726
627.481659
676.805078
728.329559
775.977674
812.902783
833.118860
833.128793
812.925344
776.000782
728.361366
676.830233
627.489964
584.585587
550.217396
524.533982
506.488706
494.460462
486.821890
482.225221
479.674646
478.548738
439.383446
440.505003
443.012815
447.528513
455.174014
467.345298
485.791300
512.314265
548.125503
593.147574
645.288363
700.041757
750.882094
790.393624
812.062168
812.073567
790.418971
750.906208
700.077165
645.316326
593.157842
548.093875
512.281270
485.756420
467.309929
455.146207
447.506276
442.959892
440.460539
439.363155
401.478214
402.566222
405.009565
409.440968
417.054111
429.313635
448.102307
475.408967
512.621208
559.777639
614.756027
672.796000
726.909994
769.086738
792.255948
792.268988
769.115163
726.934765
672.835364
614.786964
559.790417
512.584214
475.374421
448.066815
429.277967
417.027837
409.422822
404.951556
402.518057
401.455446
364.770462
365.819122
368.185065
372.506575
380.053658
392.353913
411.427021
439.459178
478.026313
527.298598
585.135976
646.522273
703.994369
748.918076
773.637959
773.652842
748.949932
704.019343
646.566011
585.170022
527.314555
477.982886
439.423211
411.390919
392.317729
380.028899
372.493526
368.120954
365.767005
364.744819
329.187052
330.191042
332.467793
336.654570
344.103649
356.398399
375.698382
404.398281
444.274180
495.643842
556.362543
621.156741
682.074222
729.829482
756.151789
756.168741
729.865192
682.098820
621.205350
556.399788
495.663799
444.223033
404.361105
375.661688
356.361457
344.080352
336.647858
332.396368
330.134774
329.158071
294.661516
295.615956
297.792878
301.820697
309.141595
321.385797
340.855650
370.165875
411.304226
464.752608
528.375715
596.641017
661.093861
711.768011
739.746183
739.765457
711.808082
661.117360
596.695090
528.416185
464.777569
411.243814
370.127811
340.818397
321.347831
309.119653
301.821830
297.712689
295.555410
294.628656
261.133263
262.033677
264.101313
267.946407
275.110745
287.260482
306.843644
336.707044
379.061213
434.569285
501.120481
572.921529
641.002296
694.685342
724.374466
724.396346
694.730385
641.023799
572.981776
501.164120
434.600481
378.989683
336.668542
306.805879
287.221191
275.089980
267.957214
264.010625
261.968818
261.095888
228.546898
229.389169
231.339285
234.978183
241.959426
253.971839
273.612094
303.971726
347.494635
405.042830
474.546268
549.948975
621.752718
678.537277
709.994049
710.018844
678.588018
621.771123
550.016251
474.592907
405.081764
347.409778
303.933400
273.573874
253.930889
241.939561
235.000863
231.236029
229.320091
228.504258
196.851645
197.631965
199.457607
202.866949
209.640477
221.473704
241.115084
271.914175
316.558195
376.126256
448.606457
527.677855
603.302045
663.283297
696.565992
696.594036
663.340603
603.316009
527.753186
448.655786
376.174754
316.457385
271.876835
241.076470
221.430721
209.621110
202.904137
199.339316
197.558922
196.802851
166.000838
166.715657
168.411223
171.567565
178.110757
189.723871
209.310568
240.492491
286.209352
347.776192
423.257962
506.066062
585.610534
648.886184
684.054629
684.086280
648.951088
585.618433
506.150686
423.309489
347.836468
286.089477
240.457190
209.271623
189.678444
178.091325
171.622399
168.274961
166.639105
165.944835
135.951493
136.597453
138.158787
141.038378
147.330724
158.683677
178.159952
209.668222
256.408931
319.952499
398.460868
485.074525
568.641433
635.311688
672.427236
672.462875
635.385413
568.641316
485.169931
398.513873
320.027226
256.266312
209.636299
178.120730
158.635358
147.310467
141.114584
138.001068
136.518102
135.887027
106.663929
107.237790
108.662296
111.240839
117.264072
128.317630
147.627730
179.406010
227.120775
292.617936
374.178112
464.666898
552.360690
622.528232
661.653749
661.693770
622.612230
552.350224
464.774877
374.231597
292.710327
226.951081
179.379147
147.588265
128.265936
117.241987
111.342820
108.478988
107.156664
106.589507
78.101438
78.599998
79.886775
82.139158
87.877413
98.593093
117.681164
149.673285
198.311455
265.737867
350.375207
444.809285
536.736685
610.506658
651.706500
651.751308
610.602645
536.713095
444.931987
350.427830
265.851768
198.109592
149.653570
117.641456
98.537512
87.852199
82.272103
79.672997
78.518502
78.015284
50.230000
50.650000
51.800000
53.700000
59.140000
69.480000
88.290000
120.440000
169.950000
239.280000
327.020000
425.470000
521.740000
599.220000
642.560000
642.610000
599.330000
521.700000
425.610000
327.070000
239.420000
169.710000
120.430000
88.250000
69.420000
59.110000
53.870000
51.550000
50.570000
50.130000
