-1.565
-1.59483
-1.42967
-1.41767
-1.29
-1.54583
-1.30517
-1.594
-1.397
-1.59567
-1.41667
-1.19233
-1.4375
-1.48367
-1.614
-1.425
-1.46017
-1.43767
-1.50767
-1.43733
-1.33967
-1.48717
-1.45567
-1.5285
-1.4865
-1.5275
-1.40033
-1.55433
-1.36883
-1.53217
-1.33817
-1.40633
-1.577
-1.39033
-1.4255
-1.46617
-1.47817
-1.5665
-1.4155
-1.50233
-1.66117
-1.56733
-1.54533
-1.45733
-1.58467
-1.36817
-1.36733
-1.5655
-1.4775
-1.49733
-1.43733
-1.33683
-1.46733
-1.52717
-1.437
-1.41617
-1.50683
-1.4365
-1.52317
-1.4765
-1.03
-1.05967
-0.899332
-0.885333
-0.759999
-1.01167
-0.770332
-1.058
-0.863999
-1.06133
-0.883333
-0.664666
-0.904999
-0.947332
-1.078
-0.889999
-0.930333
-0.905332
-0.975332
-0.904666
-0.809332
-0.954332
-0.921333
-0.996999
-0.952999
-0.994999
-0.870666
-1.01867
-0.837666
-0.994332
-0.806332
-0.872665
-1.044
-0.860665
-0.890999
-0.932332
-0.946333
-1.033
-0.880999
-0.964666
-1.12233
-1.03467
-1.01067
-0.924666
-1.04933
-0.836333
-0.834666
-1.031
-0.944999
-0.964665
-0.904666
-0.803666
-0.934666
-0.994332
-0.903999
-0.882333
-0.973665
-0.902999
-0.986332
-0.942999
-0.494999
-0.524498
-0.368998
-0.352999
-0.229998
-0.477499
-0.235499
-0.521998
-0.330998
-0.526998
-0.349999
-0.136998
-0.372498
-0.410998
-0.541998
-0.354998
-0.400499
-0.372998
-0.442998
-0.371999
-0.278999
-0.421498
-0.386999
-0.465498
-0.419499
-0.462498
-0.340999
-0.482999
-0.306499
-0.456498
-0.274499
-0.338998
-0.510999
-0.330998
-0.356499
-0.398499
-0.414499
-0.499499
-0.346499
-0.426998
-0.583498
-0.501998
-0.475999
-0.391999
-0.513999
-0.304499
-0.301999
-0.496499
-0.412498
-0.431998
-0.371999
-0.270498
-0.401999
-0.461498
-0.370999
-0.348499
-0.440497
-0.369499
-0.449498
-0.409498
0.0400017
0.010669
0.161336
0.179334
0.300002
0.0566684
0.299335
0.0140021
0.202002
0.00733571
0.183334
0.390669
0.160003
0.125336
-0.00599683
0.180003
0.129335
0.159336
0.0893357
0.160668
0.251335
0.111336
0.147335
0.0660025
0.114002
0.070002
0.188668
0.0526686
0.224668
0.0813359
0.257335
0.194669
0.0220019
0.198669
0.178002
0.135335
0.117334
0.0340015
0.188002
0.110669
-0.0446639
0.0306692
0.0586678
0.140668
0.0213351
0.227334
0.230668
0.0380015
0.120002
0.100669
0.160668
0.262669
0.130669
0.0713359
0.162001
0.185334
0.0926701
0.164002
0.0873356
0.124002
0.575002
0.545836
0.69167
0.711668
0.830002
0.590835
0.834169
0.550003
0.735003
0.54167
0.716668
0.918336
0.692503
0.661669
0.530004
0.715003
0.659168
0.69167
0.62167
0.693335
0.781669
0.64417
0.681668
0.597503
0.647502
0.602503
0.718335
0.588336
0.755835
0.61917
0.789169
0.728336
0.555002
0.728336
0.712502
0.669169
0.649167
0.567502
0.722502
0.648336
0.49417
0.563336
0.593335
0.673335
0.556669
0.759168
0.763336
0.572502
0.652502
0.633336
0.693335
0.795836
0.663336
0.60417
0.695002
0.719168
0.625838
0.697502
0.62417
0.657503
1.11
1.081
1.222
1.244
1.36
1.125
1.369
1.086
1.268
1.076
1.25
1.446
1.225
1.198
1.066
1.25
1.189
1.224
1.154
1.226
1.312
1.177
1.216
1.129
1.181
1.135
1.248
1.124
1.287
1.157
1.321
1.262
1.088
1.258
1.247
1.203
1.181
1.101
1.257
1.186
1.033
1.096
1.128
1.206
1.092
1.291
1.296
1.107
1.185
1.166
1.226
1.329
1.196
1.137
1.228
1.253
1.15901
1.231
1.161
1.191
1.645
1.61617
1.75234
1.77633
1.89
1.65917
1.90384
1.622
1.801
1.61034
1.78333
1.97367
1.7575
1.73434
1.60201
1.785
1.71884
1.75634
1.68634
1.75867
1.84234
1.70984
1.75034
1.6605
1.7145
1.6675
1.77767
1.65967
1.81817
1.69484
1.85284
1.79567
1.621
1.78767
1.7815
1.73684
1.71283
1.6345
1.7915
1.72367
1.57184
1.62867
1.66267
1.73867
1.62734
1.82283
1.82867
1.6415
1.7175
1.69867
1.75867
1.86217
1.72867
1.66984
1.761
1.78683
1.69217
1.7645
1.69784
1.7245
2.18
2.15134
2.28267
2.30867
2.42
2.19334
2.43867
2.158
2.334
2.14467
2.31667
2.50134
2.29
2.27067
2.13801
2.32
2.24867
2.28867
2.21867
2.29134
2.37267
2.24267
2.28467
2.192
2.248
2.2
2.30734
2.19534
2.34934
2.23267
2.38467
2.32934
2.154
2.31734
2.316
2.27067
2.24467
2.168
2.326
2.26134
2.11067
2.16134
2.19734
2.27134
2.16267
2.35467
2.36134
2.176
2.25
2.23134
2.29134
2.39534
2.26134
2.20267
2.294
2.32067
2.22534
2.298
2.23467
2.258
2.715
2.68651
2.81301
2.841
2.95
2.7275
2.9735
2.694
2.867
2.67901
2.85
3.029
2.82251
2.807
2.67401
2.85501
2.7785
2.82101
2.751
2.824
2.903
2.7755
2.819
2.72351
2.7815
2.7325
2.837
2.731
2.8805
2.7705
2.9165
2.863
2.687
2.847
2.8505
2.8045
2.7765
2.7015
2.8605
2.799
2.64951
2.69401
2.732
2.804
2.698
2.8865
2.894
2.7105
2.7825
2.764
2.824
2.9285
2.794
2.73551
2.827
2.8545
2.75851
2.8315
2.7715
2.7915
3.25
3.22167
3.34334
3.37333
3.48
3.26167
3.50834
3.23001
3.4
3.21334
3.38334
3.55667
3.35501
3.34334
3.21001
3.39001
3.30834
3.35334
3.28334
3.35667
3.43334
3.30834
3.35334
3.25501
3.315
3.265
3.36667
3.26667
3.41167
3.30834
3.44834
3.39667
3.22
3.37667
3.385
3.33834
3.30833
3.235
3.395
3.33667
3.18834
3.22667
3.26667
3.33667
3.23334
3.41833
3.42667
3.245
3.315
3.29667
3.35667
3.46167
3.32667
3.26834
3.36
3.38833
3.29167
3.365
3.30834
3.325
3.785
3.75684
3.87367
3.90567
4.01
3.79584
4.04317
3.76601
3.93301
3.74767
3.91667
4.08434
3.88751
3.87967
3.74601
3.92501
3.83817
3.88567
3.81567
3.88934
3.96367
3.84117
3.88767
3.78651
3.8485
3.7975
3.89634
3.80234
3.94284
3.84617
3.98017
3.93034
3.753
3.90634
3.9195
3.87217
3.84017
3.7685
3.9295
3.87434
3.72717
3.75934
3.80134
3.86934
3.76867
3.95017
3.95934
3.7795
3.8475
3.82934
3.88934
3.99484
3.85934
3.80117
3.893
3.92217
3.82484
3.8985
3.84517
3.85851
4.32
4.29201
4.40401
4.438
4.54001
4.33
4.578
4.30201
4.46601
4.28201
4.45
4.61201
4.42001
4.41601
4.28201
4.46001
4.368
4.41801
4.34801
4.422
4.494
4.37401
4.422
4.31801
4.382
4.33001
4.426
4.338
4.474
4.38401
4.512
4.46401
4.286
4.43601
4.454
4.406
4.372
4.302
4.464
4.41201
4.26601
4.29201
4.336
4.402
4.304
4.482
4.492
4.314
4.38
4.36201
4.422
4.52801
4.392
4.33401
4.426
4.456
4.35801
4.432
4.38201
4.39201
4.855
4.82717
4.93434
4.97033
5.07001
4.86417
5.11284
4.83801
4.99901
4.81634
4.98334
5.13967
4.95251
4.95234
4.81801
4.99501
4.89784
4.95034
4.88034
4.95467
5.02434
4.90684
4.95634
4.84951
4.9155
4.86251
4.95567
4.87367
5.00517
4.92184
5.04384
4.99767
4.81901
4.96567
4.9885
4.93984
4.90383
4.8355
4.9985
4.94967
4.80484
4.82467
4.87067
4.93467
4.83934
5.01383
5.02467
4.8485
4.9125
4.89467
4.95467
5.06117
4.92467
4.86684
4.959
4.98983
4.89118
4.9655
4.91884
4.92551
5.39
5.36234
5.46467
5.50267
5.60001
5.39834
5.64767
5.37401
5.53201
5.35067
5.51667
5.66734
5.48501
5.48867
5.35401
5.53001
5.42767
5.48267
5.41267
5.48734
5.55467
5.43967
5.49067
5.38101
5.449
5.39501
5.48534
5.40934
5.53634
5.45967
5.57567
5.53134
5.35201
5.49534
5.523
5.47367
5.43567
5.369
5.533
5.48734
5.34368
5.35734
5.40534
5.46734
5.37467
5.54567
5.55734
5.383
5.445
5.42734
5.48734
5.59434
5.45734
5.39967
5.492
5.52367
5.42434
5.499
5.45567
5.45901
5.925
5.89751
5.99501
6.035
6.13001
5.9325
6.1825
5.91001
6.06501
5.88501
6.05
6.19501
6.01751
6.02501
5.89001
6.06501
5.9575
6.01501
5.94501
6.02
6.08501
5.97251
6.025
5.91251
5.98251
5.92751
6.015
5.94501
6.0675
5.99751
6.10751
6.06501
5.88501
6.02501
6.0575
6.0075
5.9675
5.9025
6.0675
6.02501
5.88251
5.89001
5.94
6
5.91
6.0775
6.09
5.9175
5.9775
5.96001
6.02
6.12751
5.99001
5.93251
6.025
6.0575
5.95751
6.03251
5.99251
5.99251
6.46
6.43268
6.52534
6.56733
6.66001
6.46667
6.71734
6.44601
6.59801
6.41934
6.58334
6.72267
6.55001
6.56134
6.42601
6.60001
6.48734
6.54734
6.47734
6.55267
6.61534
6.50534
6.55934
6.44401
6.51601
6.46001
6.54467
6.48067
6.59867
6.53534
6.63934
6.59867
6.41801
6.55467
6.592
6.54134
6.49934
6.436
6.602
6.56267
6.42134
6.42268
6.47467
6.53267
6.44534
6.60934
6.62267
6.452
6.51001
6.49267
6.55267
6.66067
6.52267
6.46534
6.558
6.59133
6.49068
6.56601
6.52934
6.52601
6.995
6.96784
7.05567
7.09967
7.19001
7.00084
7.25217
6.98201
7.13101
6.95368
7.11667
7.25034
7.08251
7.09767
6.96201
7.13501
7.01717
7.07968
7.00967
7.08534
7.14567
7.03817
7.09367
6.97551
7.04951
6.99251
7.07434
7.01634
7.12984
7.07317
7.17117
7.13234
6.95101
7.08434
7.1265
7.07517
7.03117
6.9695
7.1365
7.10034
6.96018
6.95534
7.00934
7.06534
6.98067
7.14117
7.15534
6.9865
7.04251
7.02534
7.08534
7.19384
7.05534
6.99817
7.091
7.12517
7.02384
7.09951
7.06617
7.05951
7.53
7.50301
7.58601
7.632
7.72001
7.53501
7.787
7.51801
7.66401
7.48801
7.65
7.77801
7.61501
7.63401
7.49801
7.67001
7.54701
7.61201
7.54201
7.618
7.67601
7.57101
7.62801
7.50701
7.58301
7.52501
7.604
7.55201
7.66101
7.61101
7.70301
7.66601
7.48401
7.61401
7.661
7.60901
7.563
7.503
7.671
7.63801
7.49901
7.48801
7.544
7.598
7.51601
7.673
7.68801
7.521
7.57501
7.55801
7.618
7.72701
7.58801
7.53101
7.624
7.659
7.55701
7.63301
7.60301
7.59301
8.065
8.03818
8.11634
8.16433
8.25001
8.06917
8.32184
8.05401
8.19701
8.02234
8.18334
8.30567
8.14751
8.17034
8.03401
8.20501
8.07684
8.14434
8.07434
8.15067
8.20634
8.10384
8.16234
8.03851
8.11651
8.05751
8.13367
8.08768
8.19217
8.14884
8.23484
8.19968
8.01701
8.14367
8.1955
8.14284
8.09484
8.0365
8.2055
8.17567
8.03784
8.02068
8.07867
8.13067
8.05134
8.20484
8.22067
8.0555
8.10751
8.09068
8.15067
8.26018
8.12067
8.06384
8.15701
8.19283
8.09018
8.16651
8.13984
8.12651
8.6
8.57334
8.64668
8.69667
8.78001
8.60334
8.85667
8.59001
8.73001
8.55668
8.71667
8.83334
8.68001
8.70668
8.57001
8.74001
8.60667
8.67668
8.60668
8.68334
8.73667
8.63668
8.69667
8.57001
8.65001
8.59001
8.66334
8.62334
8.72334
8.68668
8.76667
8.73334
8.55001
8.67334
8.73
8.67667
8.62667
8.57
8.74
8.71334
8.57668
8.55334
8.61334
8.66334
8.58667
8.73667
8.75334
8.59
8.64001
8.62334
8.68334
8.79334
8.65334
8.59668
8.69001
8.72667
8.62335
8.70001
8.67668
8.66001
9.135
9.10851
9.17701
9.229
9.31001
9.13751
9.3915
9.12601
9.26301
9.09101
9.25
9.36101
9.21251
9.24301
9.10601
9.27501
9.13651
9.20901
9.13901
9.216
9.26701
9.16951
9.23101
9.10151
9.18351
9.12251
9.193
9.15901
9.25451
9.22451
9.29851
9.26701
9.08301
9.20301
9.2645
9.21051
9.1585
9.10351
9.2745
9.25101
9.11551
9.08601
9.148
9.196
9.12201
9.2685
9.28601
9.1245
9.17251
9.15601
9.216
9.32651
9.18601
9.12951
9.223
9.2605
9.15651
9.23351
9.21351
9.19351
9.67
9.64368
9.70734
9.76133
9.84001
9.67167
9.92633
9.66201
9.79601
9.62534
9.78334
9.88867
9.74501
9.77934
9.64201
9.81001
9.66634
9.74134
9.67134
9.74867
9.79734
9.70234
9.76534
9.63301
9.71701
9.65501
9.72267
9.69468
9.78567
9.76234
9.83034
9.80068
9.61601
9.73267
9.799
9.74434
9.69034
9.637
9.809
9.78867
9.65435
9.61868
9.68267
9.72867
9.65734
9.80033
9.81867
9.659
9.70501
9.68868
9.74867
9.85968
9.71867
9.66234
9.756
9.79433
9.68968
9.76701
9.75034
9.72701
10.205
10.1788
10.2377
10.2937
10.37
10.2058
10.4612
10.198
10.329
10.1597
10.3167
10.4163
10.2775
10.3157
10.178
10.345
10.1962
10.2737
10.2037
10.2813
10.3277
10.2352
10.2997
10.1645
10.2505
10.1875
10.2523
10.2303
10.3168
10.3002
10.3622
10.3343
10.149
10.2623
10.3335
10.2782
10.2222
10.1705
10.3435
10.3263
10.1932
10.1513
10.2173
10.2613
10.1927
10.3322
10.3513
10.1935
10.2375
10.2213
10.2813
10.3928
10.2513
10.1952
10.289
10.3282
10.2228
10.3005
10.2872
10.2605
10.74
10.714
10.768
10.826
10.9
10.74
10.996
10.734
10.862
10.694
10.85
10.944
10.81
10.852
10.714
10.88
10.726
10.806
10.736
10.814
10.858
10.768
10.834
10.696
10.784
10.72
10.782
10.766
10.848
10.838
10.894
10.868
10.682
10.792
10.868
10.812
10.754
10.704
10.878
10.864
10.732
10.684
10.752
10.794
10.728
10.864
10.884
10.728
10.77
10.754
10.814
10.926
10.784
10.728
10.822
10.862
10.756
10.834
10.824
10.794
11.275
11.2492
11.2983
11.3583
11.43
11.2742
11.5308
11.27
11.395
11.2283
11.3833
11.4717
11.3425
11.3883
11.25
11.415
11.2558
11.3383
11.2683
11.3467
11.3883
11.3008
11.3683
11.2275
11.3175
11.2525
11.3117
11.3017
11.3792
11.3758
11.4258
11.4017
11.215
11.3217
11.4025
11.3458
11.2858
11.2375
11.4125
11.4017
11.2708
11.2167
11.2867
11.3267
11.2633
11.3958
11.4167
11.2625
11.3025
11.2867
11.3467
11.4592
11.3167
11.2608
11.355
11.3958
11.2892
11.3675
11.3608
11.3275
11.81
11.7843
11.8287
11.8907
11.96
11.8083
12.0657
11.806
11.928
11.7627
11.9167
11.9993
11.875
11.9247
11.786
11.95
11.7857
11.8707
11.8007
11.8793
11.9187
11.8337
11.9027
11.759
11.851
11.785
11.8413
11.8373
11.9103
11.9137
11.9577
11.9353
11.748
11.8513
11.937
11.8797
11.8177
11.771
11.947
11.9393
11.8097
11.7493
11.8213
11.8593
11.7987
11.9277
11.9493
11.797
11.835
11.8193
11.8793
11.9923
11.8493
11.7937
11.888
11.9297
11.8223
11.901
11.8977
11.861
12.345
12.3195
12.359
12.423
12.49
12.3425
12.6005
12.342
12.461
12.297
12.45
12.527
12.4075
12.461
12.322
12.485
12.3155
12.403
12.333
12.412
12.449
12.3665
12.437
12.2905
12.3845
12.3175
12.371
12.373
12.4415
12.4515
12.4895
12.469
12.281
12.381
12.4715
12.4135
12.3495
12.3045
12.4815
12.477
12.3485
12.282
12.356
12.392
12.334
12.4595
12.482
12.3315
12.3675
12.352
12.412
12.5255
12.382
12.3265
12.421
12.4635
12.3555
12.4345
12.4345
12.3945
12.88
12.8547
12.8893
12.9553
13.02
12.8767
13.1353
12.878
12.994
12.8313
12.9833
13.0547
12.94
12.9973
12.858
13.02
12.8453
12.9353
12.8653
12.9447
12.9793
12.8993
12.9713
12.822
12.918
12.85
12.9007
12.9087
12.9727
12.9893
13.0213
13.0027
12.814
12.9107
13.006
12.9473
12.8813
12.838
13.016
13.0147
12.8873
12.8147
12.8907
12.9247
12.8693
12.9913
13.0147
12.866
12.9
12.8847
12.9447
13.0587
12.9147
12.8593
12.954
12.9973
12.8887
12.968
12.9713
12.928
13.415
13.3898
13.4197
13.4877
13.55
13.4108
13.6702
13.414
13.527
13.3657
13.5167
13.5823
13.4725
13.5337
13.394
13.555
13.3752
13.4677
13.3977
13.4773
13.5097
13.4322
13.5057
13.3535
13.4515
13.3825
13.4303
13.4443
13.5038
13.5272
13.5532
13.5363
13.347
13.4403
13.5405
13.4812
13.4132
13.3715
13.5505
13.5523
13.4262
13.3473
13.4253
13.4573
13.4047
13.5232
13.5473
13.4005
13.4325
13.4173
13.4773
13.5918
13.4473
13.3922
13.487
13.5312
13.4218
13.5015
13.5082
13.4615
13.95
13.925
13.95
14.02
14.08
13.945
14.205
13.95
14.06
13.9
14.05
14.11
14.005
14.07
13.93
14.09
13.905
14
13.93
14.01
14.04
13.965
14.04
13.885
13.985
13.915
13.96
13.98
14.035
14.065
14.085
14.07
13.88
13.97
14.075
14.015
13.945
13.905
14.085
14.09
13.965
13.88
13.96
13.99
13.94
14.055
14.08
13.935
13.965
13.95
14.01
14.125
13.98
13.925
14.02
14.065
13.955
14.035
14.045
13.995
14.485
14.4602
14.4803
14.5523
14.61
14.4792
14.7398
14.486
14.593
14.4343
14.5833
14.6377
14.5375
14.6063
14.466
14.625
14.4348
14.5323
14.4623
14.5427
14.5703
14.4978
14.5743
14.4165
14.5185
14.4475
14.4897
14.5157
14.5662
14.6028
14.6168
14.6037
14.413
14.4997
14.6095
14.5488
14.4768
14.4385
14.6195
14.6277
14.5038
14.4127
14.4947
14.5227
14.4753
14.5868
14.6127
14.4695
14.4975
14.4827
14.5427
14.6582
14.5127
14.4578
14.553
14.5988
14.4882
14.5685
14.5818
14.5285
15.02
14.9953
15.0107
15.0847
15.14
15.0133
15.2747
15.022
15.126
14.9687
15.1167
15.1653
15.07
15.1427
15.002
15.16
14.9647
15.0647
14.9947
15.0753
15.1007
15.0307
15.1087
14.948
15.052
14.98
15.0193
15.0513
15.0973
15.1407
15.1487
15.1373
14.946
15.0293
15.144
15.0827
15.0087
14.972
15.154
15.1653
15.0427
14.9453
15.0293
15.0553
15.0107
15.1187
15.1453
15.004
15.03
15.0153
15.0753
15.1913
15.0453
14.9907
15.086
15.1327
15.0213
15.102
15.1187
15.062
15.555
15.5305
15.541
15.617
15.67
15.5475
15.8095
15.558
15.659
15.503
15.65
15.693
15.6025
15.679
15.538
15.695
15.4945
15.597
15.527
15.608
15.631
15.5635
15.643
15.4795
15.5855
15.5125
15.549
15.587
15.6285
15.6785
15.6805
15.671
15.479
15.559
15.6785
15.6165
15.5405
15.5055
15.6885
15.703
15.5815
15.478
15.564
15.588
15.546
15.6505
15.678
15.5385
15.5625
15.548
15.608
15.7245
15.578
15.5235
15.619
15.6665
15.5545
15.6355
15.6555
15.5955
16.09
16.0657
16.0713
16.1493
16.2
16.0817
16.3443
16.094
16.192
16.0373
16.1833
16.2207
16.135
16.2153
16.074
16.23
16.0243
16.1293
16.0593
16.1407
16.1613
16.0963
16.1773
16.011
16.119
16.045
16.0787
16.1227
16.1597
16.2163
16.2123
16.2047
16.012
16.0887
16.213
16.1503
16.0723
16.039
16.223
16.2407
16.1203
16.0107
16.0987
16.1207
16.0813
16.1823
16.2107
16.073
16.095
16.0807
16.1407
16.2577
16.1107
16.0563
16.152
16.2003
16.0877
16.169
16.1923
16.129
16.625
16.6008
16.6017
16.6817
16.73
16.6158
16.8792
16.63
16.725
16.5717
16.7167
16.7483
16.6675
16.7517
16.61
16.765
16.5542
16.6617
16.5917
16.6733
16.6917
16.6292
16.7117
16.5425
16.6525
16.5775
16.6083
16.6583
16.6908
16.7542
16.7442
16.7383
16.545
16.6183
16.7475
16.6842
16.6042
16.5725
16.7575
16.7783
16.6592
16.5433
16.6333
16.6533
16.6167
16.7142
16.7433
16.6075
16.6275
16.6133
16.6733
16.7908
16.6433
16.5892
16.685
16.7342
16.6209
16.7025
16.7292
16.6625
17.16
17.136
17.132
17.214
17.26
17.15
17.414
17.166
17.258
17.106
17.25
17.276
17.2
17.288
17.146
17.3
17.084
17.194
17.124
17.206
17.222
17.162
17.246
17.074
17.186
17.11
17.138
17.194
17.222
17.292
17.276
17.272
17.078
17.148
17.282
17.218
17.136
17.106
17.292
17.316
17.198
17.076
17.168
17.186
17.152
17.246
17.276
17.142
17.16
17.146
17.206
17.324
17.176
17.122
17.218
17.268
17.154
17.236
17.266
17.196
17.695
17.6712
17.6623
17.7463
17.79
17.6842
17.9488
17.702
17.791
17.6403
17.7833
17.8037
17.7325
17.8243
17.682
17.835
17.6138
17.7263
17.6563
17.7387
17.7523
17.6948
17.7803
17.6055
17.7195
17.6425
17.6677
17.7297
17.7532
17.8298
17.8078
17.8057
17.611
17.6777
17.8165
17.7518
17.6678
17.6395
17.8265
17.8537
17.7368
17.6087
17.7027
17.7187
17.6873
17.7778
17.8087
17.6765
17.6925
17.6787
17.7387
17.8572
17.7087
17.6548
17.751
17.8018
17.6872
17.7695
17.8028
17.7295
18.23
18.2063
18.1927
18.2787
18.32
18.2183
18.4837
18.238
18.324
18.1747
18.3167
18.3313
18.265
18.3607
18.218
18.37
18.1437
18.2587
18.1887
18.2713
18.2827
18.2277
18.3147
18.137
18.253
18.175
18.1973
18.2653
18.2843
18.3677
18.3397
18.3393
18.144
18.2073
18.351
18.2857
18.1997
18.173
18.361
18.3913
18.2757
18.1413
18.2373
18.2513
18.2227
18.3097
18.3413
18.211
18.225
18.2113
18.2713
18.3903
18.2413
18.1877
18.284
18.3357
18.2204
18.303
18.3397
18.263
18.765
18.7415
18.723
18.811
18.85
18.7525
19.0185
18.774
18.857
18.709
18.85
18.859
18.7975
18.897
18.754
18.905
18.6735
18.791
18.721
18.804
18.813
18.7605
18.849
18.6685
18.7865
18.7075
18.727
18.801
18.8155
18.9055
18.8715
18.873
18.677
18.737
18.8855
18.8195
18.7315
18.7065
18.8955
18.929
18.8145
18.674
18.772
18.784
18.758
18.8415
18.874
18.7455
18.7575
18.744
18.804
18.9235
18.774
18.7205
18.817
18.8695
18.7535
18.8365
18.8765
18.7965
19.3
19.2767
19.2533
19.3433
19.38
19.2867
19.5533
19.31
19.39
19.2433
19.3833
19.3867
19.33
19.4333
19.29
19.44
19.2033
19.3233
19.2533
19.3367
19.3433
19.2933
19.3833
19.2
19.32
19.24
19.2567
19.3367
19.3467
19.4433
19.4033
19.4067
19.21
19.2667
19.42
19.3533
19.2633
19.24
19.43
19.4667
19.3533
19.2067
19.3067
19.3167
19.2933
19.3733
19.4067
19.28
19.29
19.2767
19.3367
19.4567
19.3067
19.2533
19.35
19.4033
19.2867
19.37
19.4133
19.33
19.835
19.8118
19.7837
19.8757
19.91
19.8208
20.0882
19.846
19.923
19.7777
19.9167
19.9143
19.8625
19.9697
19.826
19.975
19.7332
19.8557
19.7857
19.8693
19.8737
19.8262
19.9177
19.7315
19.8535
19.7725
19.7863
19.8723
19.8778
19.9812
19.9352
19.9403
19.743
19.7963
19.9545
19.8872
19.7952
19.7735
19.9645
20.0043
19.8922
19.7393
19.8413
19.8493
19.8287
19.9052
19.9393
19.8145
19.8225
19.8093
19.8693
19.9898
19.8393
19.7862
19.883
19.9372
19.8199
19.9035
19.9502
19.8635
20.37
20.347
20.314
20.408
20.44
20.355
20.623
20.382
20.456
20.312
20.45
20.442
20.395
20.506
20.362
20.51
20.263
20.388
20.318
20.402
20.404
20.359
20.452
20.263
20.387
20.305
20.316
20.408
20.409
20.519
20.467
20.474
20.276
20.326
20.489
20.421
20.327
20.307
20.499
20.542
20.431
20.272
20.376
20.382
20.364
20.437
20.472
20.349
20.355
20.342
20.402
20.523
20.372
20.319
20.416
20.471
20.353
20.437
20.487
20.397
20.905
20.8822
20.8443
20.9403
20.97
20.8892
21.1578
20.918
20.989
20.8463
20.9833
20.9697
20.9275
21.0423
20.898
21.045
20.7928
20.9203
20.8503
20.9347
20.9343
20.8918
20.9863
20.7945
20.9205
20.8375
20.8457
20.9437
20.9402
21.0568
20.9988
21.0077
20.809
20.8557
21.0235
20.9548
20.8588
20.8405
21.0335
21.0797
20.9698
20.8047
20.9107
20.9147
20.8993
20.9688
21.0047
20.8835
20.8875
20.8747
20.9347
21.0562
20.9047
20.8518
20.949
21.0048
20.8862
20.9705
21.0238
20.9305
21.44
21.4173
21.3747
21.4727
21.5
21.4233
21.6927
21.454
21.522
21.3807
21.5167
21.4973
21.46
21.5787
21.434
21.58
21.3227
21.4527
21.3827
21.4673
21.4647
21.4247
21.5207
21.326
21.454
21.37
21.3753
21.4793
21.4713
21.5947
21.5307
21.5413
21.342
21.3853
21.558
21.4887
21.3907
21.374
21.568
21.6173
21.5087
21.3373
21.4453
21.4473
21.4347
21.5007
21.5373
21.418
21.42
21.4073
21.4673
21.5893
21.4373
21.3847
21.482
21.5387
21.4193
21.504
21.5607
21.464
21.975
21.9525
21.905
22.005
22.03
21.9575
22.2275
21.99
22.055
21.915
22.05
22.025
21.9925
22.115
21.97
22.115
21.8525
21.985
21.915
22
21.995
21.9575
22.055
21.8575
21.9875
21.9025
21.905
22.015
22.0025
22.1325
22.0625
22.075
21.875
21.915
22.0925
22.0225
21.9225
21.9075
22.1025
22.155
22.0475
21.87
21.98
21.98
21.97
22.0325
22.07
21.9525
21.9525
21.94
22
22.1225
21.97
21.9175
22.015
22.0725
21.9525
22.0375
22.0975
21.9975
22.51
22.4877
22.4353
22.5373
22.56
22.4917
22.7623
22.526
22.588
22.4493
22.5833
22.5527
22.525
22.6513
22.506
22.65
22.3823
22.5173
22.4473
22.5327
22.5253
22.4903
22.5893
22.389
22.521
22.435
22.4347
22.5507
22.5337
22.6703
22.5943
22.6087
22.408
22.4447
22.627
22.5563
22.4543
22.441
22.637
22.6927
22.5863
22.4027
22.5147
22.5127
22.5053
22.5643
22.6027
22.487
22.485
22.4727
22.5327
22.6557
22.5027
22.4503
22.548
22.6063
22.4857
22.571
22.6343
22.531
23.045
23.0228
22.9657
23.0697
23.09
23.0258
23.2972
23.062
23.121
22.9837
23.1167
23.0803
23.0575
23.1877
23.042
23.185
22.9122
23.0497
22.9797
23.0653
23.0557
23.0232
23.1237
22.9205
23.0545
22.9675
22.9643
23.0863
23.0648
23.2082
23.1262
23.1423
22.941
22.9743
23.1615
23.0902
22.9862
22.9745
23.1715
23.2303
23.1252
22.9353
23.0493
23.0453
23.0407
23.0962
23.1353
23.0215
23.0175
23.0053
23.0653
23.1888
23.0353
22.9832
23.081
23.1402
23.0188
23.1045
23.1712
23.0645
23.58
23.558
23.496
23.602
23.62
23.56
23.832
23.598
23.654
23.518
23.65
23.608
23.59
23.724
23.578
23.72
23.442
23.582
23.512
23.598
23.586
23.556
23.658
23.452
23.588
23.5
23.494
23.622
23.596
23.746
23.658
23.676
23.474
23.504
23.696
23.624
23.518
23.508
23.706
23.768
23.664
23.468
23.584
23.578
23.576
23.628
23.668
23.556
23.55
23.538
23.598
23.722
23.568
23.516
23.614
23.674
23.552
23.638
23.708
23.598
24.115
24.0932
24.0263
24.1343
24.15
24.0942
24.3668
24.134
24.187
24.0523
24.1833
24.1357
24.1225
24.2603
24.114
24.255
23.9718
24.1143
24.0443
24.1307
24.1163
24.0888
24.1923
23.9835
24.1215
24.0325
24.0237
24.1577
24.1272
24.2838
24.1898
24.2097
24.007
24.0337
24.2305
24.1578
24.0498
24.0415
24.2405
24.3057
24.2028
24.0007
24.1187
24.1107
24.1113
24.1598
24.2007
24.0905
24.0825
24.0707
24.1307
24.2552
24.1007
24.0488
24.147
24.2078
24.0852
24.1715
24.2448
24.1315
24.65
24.6283
24.5567
24.6667
24.68
24.6283
24.9017
24.67
24.72
24.5867
24.7167
24.6633
24.655
24.7967
24.65
24.79
24.5017
24.6467
24.5767
24.6633
24.6467
24.6217
24.7267
24.515
24.655
24.565
24.5533
24.6933
24.6583
24.8216
24.7217
24.7433
24.54
24.5633
24.765
24.6917
24.5817
24.575
24.775
24.8433
24.7417
24.5333
24.6533
24.6433
24.6466
24.6917
24.7333
24.625
24.615
24.6033
24.6633
24.7883
24.6333
24.5817
24.68
24.7417
24.6183
24.705
24.7817
24.665
25.185
25.1635
25.087
25.199
25.21
25.1625
25.4365
25.206
25.253
25.121
25.25
25.191
25.1875
25.333
25.186
25.325
25.0315
25.179
25.109
25.196
25.177
25.1545
25.261
25.0465
25.1885
25.0975
25.083
25.229
25.1895
25.3595
25.2535
25.277
25.073
25.093
25.2995
25.2255
25.1135
25.1085
25.3095
25.381
25.2805
25.066
25.188
25.176
25.182
25.2235
25.266
25.1595
25.1475
25.136
25.196
25.3215
25.166
25.1145
25.213
25.2755
25.1515
25.2385
25.3185
25.1985
25.72
25.6987
25.6173
25.7313
25.74
25.6967
25.9713
25.742
25.786
25.6553
25.7833
25.7187
25.72
25.8693
25.722
25.86
25.5613
25.7113
25.6413
25.7287
25.7073
25.6873
25.7953
25.578
25.722
25.63
25.6127
25.7647
25.7207
25.8973
25.7853
25.8107
25.606
25.6227
25.834
25.7593
25.6453
25.642
25.844
25.9187
25.8193
25.5986
25.7226
25.7087
25.7173
25.7553
25.7987
25.694
25.68
25.6686
25.7287
25.8547
25.6987
25.6473
25.746
25.8093
25.6847
25.772
25.8553
25.732
26.255
26.2338
26.1477
26.2637
26.27
26.2308
26.5061
26.278
26.319
26.1897
26.3167
26.2463
26.2525
26.4057
26.258
26.395
26.0912
26.2437
26.1737
26.2613
26.2376
26.2202
26.3297
26.1095
26.2555
26.1625
26.1423
26.3003
26.2518
26.4351
26.3172
26.3443
26.139
26.1523
26.3685
26.2931
26.1771
26.1755
26.3785
26.4563
26.3582
26.1313
26.2573
26.2413
26.2526
26.2872
26.3313
26.2285
26.2125
26.2013
26.2613
26.3878
26.2313
26.1802
26.279
26.3432
26.2178
26.3055
26.3922
26.2655
26.79
26.769
26.678
26.796
26.8
26.765
27.041
26.814
26.852
26.724
26.85
26.774
26.785
26.942
26.794
26.93
26.621
26.776
26.706
26.794
26.768
26.753
26.864
26.641
26.789
26.695
26.672
26.836
26.783
26.973
26.849
26.878
26.672
26.682
26.903
26.827
26.709
26.709
26.913
26.994
26.897
26.664
26.792
26.774
26.788
26.819
26.864
26.763
26.745
26.734
26.794
26.921
26.764
26.713
26.812
26.877
26.751
26.839
26.929
26.799
27.325
27.3042
27.2083
27.3283
27.33
27.2992
27.5758
27.35
27.385
27.2583
27.3833
27.3017
27.3175
27.4783
27.33
27.465
27.1508
27.3083
27.2383
27.3267
27.2983
27.2858
27.3983
27.1725
27.3225
27.2275
27.2017
27.3717
27.3142
27.5108
27.3808
27.4117
27.205
27.2117
27.4375
27.3608
27.2408
27.2425
27.4475
27.5317
27.4358
27.1966
27.3267
27.3067
27.3233
27.3508
27.3967
27.2975
27.2775
27.2667
27.3267
27.4542
27.2967
27.2458
27.345
27.4108
27.2842
27.3725
27.4658
27.3325
27.86
27.8393
27.7387
27.8607
27.86
27.8333
28.1107
27.886
27.918
27.7927
27.9167
27.8293
27.85
28.0147
27.866
28
27.6807
27.8407
27.7707
27.8593
27.8287
27.8187
27.9327
27.704
27.856
27.76
27.7313
27.9073
27.8453
28.0487
27.9127
27.9453
27.738
27.7413
27.972
27.8947
27.7727
27.776
27.982
28.0693
27.9747
27.7293
27.8613
27.8393
27.8587
27.8827
27.9293
27.832
27.81
27.7993
27.8593
27.9873
27.8293
27.7787
27.878
27.9447
27.8173
27.906
28.0027
27.866
28.395
28.3745
28.269
28.393
28.39
28.3675
28.6455
28.422
28.451
28.327
28.45
28.357
28.3825
28.551
28.402
28.535
28.2105
28.373
28.303
28.392
28.359
28.3515
28.467
28.2355
28.3895
28.2925
28.261
28.443
28.3765
28.5865
28.4445
28.479
28.271
28.271
28.5065
28.4285
28.3045
28.3095
28.5165
28.607
28.5135
28.262
28.396
28.372
28.394
28.4145
28.462
28.3665
28.3425
28.332
28.392
28.5205
28.362
28.3115
28.411
28.4785
28.3505
28.4395
28.5395
28.3995
28.93
28.9097
28.7993
28.9253
28.92
28.9017
29.1803
28.958
28.984
28.8613
28.9833
28.8847
28.915
29.0873
28.938
29.07
28.7403
28.9053
28.8353
28.9247
28.8893
28.8843
29.0013
28.767
28.923
28.825
28.7907
28.9787
28.9077
29.1243
28.9763
29.0127
28.804
28.8007
29.041
28.9623
28.8363
28.843
29.051
29.1447
29.0523
28.7947
28.9307
28.9047
28.9293
28.9463
28.9947
28.901
28.875
28.8647
28.9247
29.0537
28.8947
28.8443
28.944
29.0123
28.8837
28.973
29.0763
28.933
29.465
29.4448
29.3297
29.4577
29.45
29.4358
29.7152
29.494
29.517
29.3957
29.5167
29.4123
29.4475
29.6237
29.474
29.605
29.2702
29.4377
29.3677
29.4573
29.4197
29.4172
29.5357
29.2985
29.4565
29.3575
29.3203
29.5143
29.4388
29.6622
29.5082
29.5463
29.337
29.3303
29.5755
29.4962
29.3682
29.3765
29.5855
29.6823
29.5912
29.3273
29.4653
29.4373
29.4647
29.4782
29.5273
29.4355
29.4075
29.3973
29.4573
29.5868
29.4273
29.3772
29.477
29.5462
29.4168
29.5065
29.6132
29.4665
-1.28917
-1.58383
-1.36617
-1.31767
-1.702
-1.4795
-1.65467
-1.38767
-1.439
-1.43633
-1.42617
-1.49617
-1.40583
-1.39333
-1.59417
-1.4565
-1.456
-1.28183
-1.19283
-1.36117
-1.42883
-1.5165
-1.52533
-1.55517
-1.31217
-1.34883
-1.50033
-1.48717
-1.64433
-1.486
-1.504
-1.55733
-1.41833
-1.505
-1.52333
-1.4745
-1.26383
-1.50683
-1.322
-1.4075
-1.53267
-1.4765
-1.4265
-1.44633
-1.28767
-1.45667
-1.469
-1.53483
-1.73133
-1.38033
-1.397
-1.67067
-1.69233
-1.46717
-1.65217
-1.56667
-1.46583
-1.3555
-1.45733
-1.428
-0.758332
-1.04767
-0.832332
-0.785332
-1.164
-0.948999
-1.11933
-0.855332
-0.907999
-0.902666
-0.892333
-0.962332
-0.871665
-0.856665
-1.05833
-0.922999
-0.922
-0.753665
-0.665666
-0.832332
-0.897665
-0.982999
-0.990666
-1.02033
-0.784331
-0.817666
-0.970666
-0.954332
-1.10867
-0.951999
-0.967999
-1.02467
-0.886666
-0.969998
-0.986666
-0.938999
-0.737666
-0.973665
-0.793999
-0.874999
-0.995332
-0.942999
-0.892999
-0.912666
-0.755332
-0.923332
-0.937999
-0.999666
-1.19267
-0.850665
-0.863999
-1.13133
-1.15467
-0.934332
-1.11433
-1.03333
-0.931666
-0.820999
-0.924666
-0.895999
-0.227498
-0.511499
-0.298499
-0.252998
-0.625999
-0.418498
-0.583999
-0.322998
-0.376998
-0.368998
-0.358499
-0.428499
-0.337498
-0.319998
-0.522499
-0.389499
-0.387999
-0.225498
-0.138499
-0.303499
-0.366498
-0.449499
-0.455999
-0.485499
-0.256497
-0.286499
-0.440998
-0.421498
-0.572998
-0.417999
-0.431998
-0.491999
-0.354999
-0.434998
-0.449999
-0.403499
-0.211499
-0.440497
-0.265999
-0.342498
-0.457998
-0.409498
-0.359498
-0.378999
-0.222998
-0.389999
-0.406998
-0.464499
-0.653998
-0.320998
-0.330998
-0.591998
-0.616999
-0.401499
-0.576498
-0.499999
-0.397499
-0.286499
-0.391999
-0.363999
0.303335
0.0246685
0.235335
0.279336
-0.0879983
0.112002
-0.0486648
0.209336
0.154003
0.164669
0.175335
0.105335
0.196669
0.21667
0.0133351
0.144001
0.146001
0.302669
0.388668
0.225335
0.164669
0.0840017
0.0786683
0.049335
0.271337
0.244668
0.0886687
0.111336
-0.0373308
0.116002
0.104002
0.0406684
0.176668
0.100003
0.0866682
0.132001
0.314668
0.0926701
0.262002
0.190002
0.0793356
0.124002
0.174002
0.154668
0.309336
0.143335
0.124002
0.0706684
-0.11533
0.208669
0.202002
-0.0526647
-0.0793316
0.131335
-0.0386642
0.0333347
0.136669
0.248002
0.140668
0.168001
0.834169
0.560836
0.769169
0.81167
0.450002
0.642503
0.486669
0.74167
0.685003
0.698336
0.709168
0.639169
0.730836
0.753337
0.549169
0.677502
0.680001
0.830836
0.915835
0.754169
0.695836
0.617502
0.613335
0.584169
0.799171
0.775835
0.618336
0.64417
0.498337
0.650002
0.640003
0.573335
0.708335
0.635004
0.623335
0.667501
0.840835
0.625838
0.790002
0.722503
0.616669
0.657503
0.707503
0.688335
0.84167
0.676669
0.655003
0.605835
0.423337
0.738336
0.735003
0.486669
0.458336
0.664169
0.49917
0.566668
0.670836
0.782502
0.673335
0.700001
1.365
1.097
1.303
1.344
0.988002
1.173
1.022
1.274
1.216
1.232
1.243
1.173
1.265
1.29
1.085
1.211
1.214
1.359
1.443
1.283
1.227
1.151
1.148
1.119
1.32701
1.307
1.148
1.177
1.034
1.184
1.176
1.106
1.24
1.17
1.16
1.203
1.367
1.15901
1.318
1.255
1.154
1.191
1.241
1.222
1.374
1.21
1.186
1.141
0.962004
1.268
1.268
1.026
0.996003
1.197
1.037
1.1
1.205
1.317
1.206
1.232
1.89584
1.63317
1.83684
1.87634
1.526
1.7035
1.55734
1.80634
1.747
1.76567
1.77684
1.70684
1.79917
1.82667
1.62084
1.7445
1.748
1.88717
1.97017
1.81184
1.75817
1.6845
1.68267
1.65384
1.85484
1.83817
1.67767
1.70984
1.56967
1.718
1.712
1.63867
1.77167
1.705
1.69667
1.7385
1.89317
1.69217
1.846
1.7875
1.69134
1.7245
1.7745
1.75567
1.90634
1.74334
1.717
1.67617
1.50067
1.79767
1.801
1.56534
1.53367
1.72984
1.57484
1.63334
1.73917
1.8515
1.73867
1.764
2.42667
2.16934
2.37067
2.40867
2.064
2.234
2.09267
2.33867
2.278
2.29934
2.31067
2.24067
2.33334
2.36334
2.15667
2.278
2.282
2.41534
2.49734
2.34067
2.28934
2.218
2.21734
2.18867
2.38267
2.36934
2.20734
2.24267
2.10534
2.252
2.248
2.17134
2.30334
2.24001
2.23334
2.274
2.41934
2.22534
2.374
2.32
2.22867
2.258
2.308
2.28934
2.43867
2.27667
2.248
2.21134
2.03934
2.32734
2.334
2.10467
2.07134
2.26267
2.11267
2.16667
2.27334
2.386
2.27134
2.296
2.9575
2.7055
2.9045
2.941
2.602
2.7645
2.628
2.87101
2.80901
2.833
2.8445
2.7745
2.8675
2.90001
2.6925
2.8115
2.816
2.9435
3.0245
2.8695
2.8205
2.7515
2.752
2.7235
2.91051
2.9005
2.737
2.7755
2.64101
2.786
2.784
2.704
2.835
2.77501
2.77
2.8095
2.9455
2.75851
2.902
2.8525
2.766
2.7915
2.8415
2.823
2.97101
2.81
2.779
2.7465
2.57801
2.857
2.867
2.644
2.609
2.7955
2.65051
2.7
2.8075
2.9205
2.804
2.828
3.48834
3.24167
3.43834
3.47334
3.14
3.295
3.16334
3.40334
3.34001
3.36667
3.37834
3.30834
3.40167
3.43667
3.22834
3.345
3.35
3.47167
3.55167
3.39834
3.35167
3.285
3.28667
3.25834
3.43834
3.43167
3.26667
3.30834
3.17667
3.32
3.32
3.23667
3.36667
3.31001
3.30667
3.345
3.47167
3.29167
3.43
3.385
3.30334
3.325
3.37501
3.35667
3.50334
3.34334
3.31
3.28167
3.11667
3.38667
3.4
3.18334
3.14667
3.32834
3.18834
3.23334
3.34167
3.455
3.33667
3.36
4.01917
3.77784
3.97217
4.00567
3.678
3.82551
3.69867
3.93567
3.87101
3.90034
3.91217
3.84217
3.93584
3.97334
3.76417
3.8785
3.884
3.99984
4.07884
3.92717
3.88284
3.8185
3.82134
3.79317
3.96618
3.96284
3.79634
3.84117
3.71234
3.854
3.85601
3.76934
3.89834
3.84501
3.84334
3.8805
3.99784
3.82484
3.958
3.9175
3.84067
3.85851
3.90851
3.89034
4.03567
3.87667
3.84101
3.81684
3.65534
3.91634
3.93301
3.72267
3.68434
3.86117
3.72617
3.76667
3.87584
3.9895
3.86934
3.892
4.55001
4.314
4.506
4.53801
4.216
4.35601
4.234
4.46801
4.40201
4.43401
4.446
4.376
4.47001
4.51001
4.30001
4.412
4.418
4.52801
4.606
4.456
4.41401
4.352
4.356
4.328
4.49401
4.494
4.326
4.37401
4.24801
4.388
4.39201
4.302
4.43
4.38001
4.38
4.416
4.524
4.35801
4.486
4.45
4.37801
4.39201
4.44201
4.424
4.56801
4.41
4.37201
4.352
4.19401
4.44601
4.46601
4.262
4.222
4.394
4.26401
4.3
4.41
4.524
4.402
4.424
5.08084
4.85017
5.03984
5.07034
4.754
4.88651
4.76934
5.00034
4.93301
4.96767
4.97984
4.90984
5.00417
5.04667
4.83584
4.9455
4.952
5.05617
5.13317
4.98484
4.94517
4.8855
4.89067
4.86284
5.02184
5.02517
4.85567
4.90684
4.78367
4.92201
4.92801
4.83467
4.96167
4.91501
4.91667
4.9515
5.05017
4.89118
5.014
4.9825
4.91534
4.92551
4.97551
4.95767
5.10034
4.94334
4.90301
4.88717
4.73268
4.97567
4.99901
4.80134
4.75967
4.92684
4.80184
4.83334
4.94417
5.0585
4.93467
4.956
5.61167
5.38634
5.57367
5.60267
5.292
5.41701
5.30467
5.53267
5.46401
5.50134
5.51367
5.44367
5.53834
5.58334
5.37167
5.479
5.486
5.58434
5.66034
5.51367
5.47634
5.419
5.42534
5.39767
5.54968
5.55634
5.38534
5.43967
5.31934
5.45601
5.46401
5.36734
5.49334
5.45001
5.45334
5.487
5.57634
5.42434
5.54201
5.51501
5.45267
5.45901
5.50901
5.49134
5.63268
5.47667
5.43401
5.42234
5.27134
5.50534
5.53201
5.34067
5.29734
5.45967
5.33967
5.36667
5.47834
5.593
5.46734
5.488
6.14251
5.92251
6.1075
6.13501
5.83
5.94751
5.84001
6.06501
5.99501
6.03501
6.0475
5.9775
6.07251
6.12001
5.90751
6.0125
6.02
6.11251
6.1875
6.04251
6.00751
5.95251
5.96
5.9325
6.07751
6.0875
5.91501
5.97251
5.85501
5.99001
6.00001
5.9
6.025
5.98501
5.99
6.0225
6.1025
5.95751
6.07001
6.04751
5.99001
5.99251
6.04251
6.025
6.16501
6.01001
5.96501
5.95751
5.81001
6.03501
6.06501
5.88001
5.83501
5.9925
5.87751
5.9
6.01251
6.1275
6
6.02
6.67334
6.45867
6.64134
6.66734
6.368
6.47801
6.37534
6.59734
6.52601
6.56867
6.58134
6.51134
6.60667
6.65668
6.44334
6.546
6.554
6.64067
6.71467
6.57134
6.53867
6.48601
6.49467
6.46734
6.60535
6.61867
6.44467
6.50534
6.39068
6.52401
6.53601
6.43267
6.55667
6.52001
6.52667
6.558
6.62867
6.49068
6.59801
6.58001
6.52734
6.52601
6.57601
6.55867
6.69734
6.54334
6.49601
6.49267
6.34868
6.56467
6.59801
6.41934
6.37267
6.52534
6.41534
6.43334
6.54667
6.662
6.53267
6.552
7.20417
6.99484
7.17517
7.19967
6.906
7.00851
6.91067
7.12967
7.05701
7.10234
7.11517
7.04517
7.14084
7.19334
6.97918
7.0795
7.088
7.16884
7.24184
7.10017
7.06984
7.01951
7.02934
7.00217
7.13318
7.14984
6.97434
7.03817
6.92634
7.05801
7.07201
6.96534
7.08834
7.05501
7.06334
7.0935
7.15484
7.02384
7.12601
7.11251
7.06467
7.05951
7.10951
7.09234
7.22968
7.07667
7.02701
7.02784
6.88734
7.09434
7.13101
6.95867
6.91034
7.05817
6.95318
6.96667
7.08084
7.19651
7.06534
7.084
7.73501
7.53101
7.70901
7.73201
7.44401
7.53901
7.44601
7.66201
7.58801
7.63601
7.649
7.57901
7.67501
7.73001
7.51501
7.61301
7.622
7.69701
7.76901
7.62901
7.60101
7.55301
7.56401
7.53701
7.66101
7.68101
7.50401
7.57101
7.46201
7.59201
7.60801
7.49801
7.62
7.59001
7.6
7.629
7.681
7.55701
7.65401
7.64501
7.60201
7.59301
7.64301
7.62601
7.76201
7.61001
7.55801
7.56301
7.42601
7.62401
7.66401
7.49801
7.44801
7.591
7.49101
7.5
7.61501
7.73101
7.598
7.616
8.26584
8.06717
8.24284
8.26434
7.98201
8.06951
7.98134
8.19434
8.11901
8.16967
8.18284
8.11284
8.20917
8.26668
8.05084
8.14651
8.156
8.22518
8.29617
8.15784
8.13217
8.08651
8.09867
8.07184
8.18885
8.21217
8.03367
8.10384
7.99768
8.12601
8.14401
8.03067
8.15167
8.12501
8.13667
8.1645
8.20717
8.09018
8.18201
8.17751
8.13934
8.12651
8.17651
8.15967
8.29434
8.14334
8.08901
8.09817
7.96468
8.15368
8.19701
8.03734
7.98567
8.12384
8.02884
8.03334
8.14917
8.26551
8.13067
8.148
8.79668
8.60334
8.77667
8.79668
8.52001
8.60001
8.51668
8.72668
8.65001
8.70334
8.71667
8.64667
8.74334
8.80334
8.58668
8.68001
8.69
8.75334
8.82334
8.68667
8.66334
8.62001
8.63334
8.60667
8.71668
8.74334
8.56334
8.63668
8.53335
8.66001
8.68001
8.56334
8.68334
8.66001
8.67334
8.7
8.73334
8.62335
8.71001
8.71001
8.67667
8.66001
8.71001
8.69334
8.82668
8.67667
8.62001
8.63334
8.50335
8.68334
8.73001
8.57667
8.52334
8.65667
8.56668
8.56667
8.68334
8.80001
8.66334
8.68
9.32751
9.13951
9.31051
9.32901
9.05801
9.13051
9.05201
9.25901
9.18101
9.23701
9.2505
9.18051
9.27751
9.34001
9.12251
9.2135
9.224
9.28151
9.35051
9.21551
9.19451
9.15351
9.16801
9.14151
9.24451
9.27451
9.09301
9.16951
9.06901
9.19401
9.21601
9.09601
9.215
9.19501
9.21
9.2355
9.25951
9.15651
9.23801
9.24251
9.21401
9.19351
9.24351
9.22701
9.35901
9.21001
9.15101
9.16851
9.04201
9.21301
9.26301
9.11601
9.06101
9.1895
9.10451
9.1
9.21751
9.33451
9.196
9.212
9.85834
9.67568
9.84434
9.86134
9.59601
9.66101
9.58734
9.79134
9.71201
9.77067
9.78434
9.71434
9.81167
9.87668
9.65834
9.74701
9.758
9.80968
9.87767
9.74434
9.72568
9.68701
9.70267
9.67634
9.77235
9.80567
9.62267
9.70234
9.60468
9.72801
9.75201
9.62867
9.74667
9.73001
9.74667
9.771
9.78567
9.68968
9.76601
9.77501
9.75134
9.72701
9.77701
9.76067
9.89134
9.74334
9.68201
9.70367
9.58068
9.74268
9.79601
9.65534
9.59867
9.72234
9.64234
9.63334
9.75167
9.86901
9.72867
9.744
10.3892
10.2118
10.3782
10.3937
10.134
10.1915
10.1227
10.3237
10.243
10.3043
10.3182
10.2482
10.3458
10.4133
10.1942
10.2805
10.292
10.3378
10.4048
10.2732
10.2568
10.2205
10.2373
10.2112
10.3002
10.3368
10.1523
10.2352
10.1403
10.262
10.288
10.1613
10.2783
10.265
10.2833
10.3065
10.3118
10.2228
10.294
10.3075
10.2887
10.2605
10.3105
10.2943
10.4237
10.2767
10.213
10.2388
10.1193
10.2723
10.329
10.1947
10.1363
10.2552
10.1802
10.1667
10.2858
10.4035
10.2613
10.276
10.92
10.748
10.912
10.926
10.672
10.722
10.658
10.856
10.774
10.838
10.852
10.782
10.88
10.95
10.73
10.814
10.826
10.866
10.932
10.802
10.788
10.754
10.772
10.746
10.828
10.868
10.682
10.768
10.676
10.796
10.824
10.694
10.81
10.8
10.82
10.842
10.838
10.756
10.822
10.84
10.826
10.794
10.844
10.828
10.956
10.81
10.744
10.774
10.658
10.802
10.862
10.734
10.674
10.788
10.718
10.7
10.82
10.938
10.794
10.808
11.4508
11.2842
11.4458
11.4583
11.21
11.2525
11.1933
11.3883
11.305
11.3717
11.3858
11.3158
11.4142
11.4867
11.2658
11.3475
11.36
11.3942
11.4592
11.3308
11.3192
11.2875
11.3067
11.2808
11.3558
11.3992
11.2117
11.3008
11.2117
11.33
11.36
11.2267
11.3417
11.335
11.3567
11.3775
11.3642
11.2892
11.35
11.3725
11.3633
11.3275
11.3775
11.3617
11.4883
11.3433
11.275
11.3092
11.1967
11.3317
11.395
11.2733
11.2117
11.3208
11.2558
11.2333
11.3542
11.4725
11.3267
11.34
11.9817
11.8203
11.9797
11.9907
11.748
11.783
11.7287
11.9207
11.836
11.9053
11.9197
11.8497
11.9483
12.0233
11.8017
11.881
11.894
11.9223
11.9863
11.8597
11.8503
11.821
11.8413
11.8157
11.8837
11.9303
11.7413
11.8337
11.7473
11.864
11.896
11.7593
11.8733
11.87
11.8933
11.913
11.8903
11.8223
11.878
11.905
11.9007
11.861
11.911
11.8953
12.0207
11.8767
11.806
11.8443
11.7353
11.8613
11.928
11.8127
11.7493
11.8537
11.7937
11.7667
11.8883
12.007
11.8593
11.872
12.5125
12.3565
12.5135
12.523
12.286
12.3135
12.264
12.453
12.367
12.439
12.4535
12.3835
12.4825
12.56
12.3375
12.4145
12.428
12.4505
12.5135
12.3885
12.3815
12.3545
12.376
12.3505
12.4115
12.4615
12.271
12.3665
12.283
12.398
12.432
12.292
12.405
12.405
12.43
12.4485
12.4165
12.3555
12.406
12.4375
12.438
12.3945
12.4445
12.429
12.553
12.41
12.337
12.3795
12.274
12.391
12.461
12.352
12.287
12.3865
12.3315
12.3
12.4225
12.5415
12.392
12.404
13.0433
12.8927
13.0473
13.0553
12.824
12.844
12.7993
12.9853
12.898
12.9727
12.9873
12.9173
13.0167
13.0967
12.8733
12.948
12.962
12.9787
13.0407
12.9173
12.9127
12.888
12.9107
12.8853
12.9393
12.9927
12.8007
12.8993
12.8187
12.932
12.968
12.8247
12.9367
12.94
12.9667
12.984
12.9427
12.8887
12.934
12.97
12.9753
12.928
12.978
12.9627
13.0853
12.9433
12.868
12.9147
12.8127
12.9207
12.994
12.8913
12.8247
12.9193
12.8693
12.8333
12.9567
13.076
12.9247
12.936
13.5742
13.4288
13.5812
13.5877
13.362
13.3745
13.3347
13.5177
13.429
13.5063
13.5212
13.4512
13.5508
13.6333
13.4092
13.4815
13.496
13.5068
13.5678
13.4462
13.4438
13.4215
13.4453
13.4202
13.4672
13.5238
13.3303
13.4322
13.3543
13.466
13.504
13.3573
13.4683
13.475
13.5033
13.5195
13.4688
13.4218
13.462
13.5025
13.5127
13.4615
13.5115
13.4963
13.6177
13.4767
13.399
13.4498
13.3513
13.4503
13.527
13.4307
13.3623
13.4522
13.4072
13.3667
13.4908
13.6105
13.4573
13.468
14.105
13.965
14.115
14.12
13.9
13.905
13.87
14.05
13.96
14.04
14.055
13.985
14.085
14.17
13.945
14.015
14.03
14.035
14.095
13.975
13.975
13.955
13.98
13.955
13.995
14.055
13.86
13.965
13.89
14
14.04
13.89
14
14.01
14.04
14.055
13.995
13.955
13.99
14.035
14.05
13.995
14.045
14.03
14.15
14.01
13.93
13.985
13.89
13.98
14.06
13.97
13.9
13.985
13.945
13.9
14.025
14.145
13.99
14
14.6358
14.5012
14.6488
14.6523
14.438
14.4355
14.4053
14.5823
14.491
14.5737
14.5888
14.5188
14.6192
14.7067
14.4808
14.5485
14.564
14.5632
14.6222
14.5038
14.5062
14.4885
14.5147
14.4898
14.5228
14.5862
14.3897
14.4978
14.4257
14.534
14.576
14.4227
14.5317
14.545
14.5767
14.5905
14.5212
14.4882
14.518
14.5675
14.5873
14.5285
14.5785
14.5637
14.6823
14.5433
14.461
14.5202
14.4287
14.5097
14.593
14.5093
14.4377
14.5178
14.4828
14.4333
14.5592
14.6795
14.5227
14.532
15.1667
15.0373
15.1827
15.1847
14.976
14.966
14.9407
15.1147
15.022
15.1073
15.1227
15.0527
15.1533
15.2433
15.0167
15.082
15.098
15.0913
15.1493
15.0327
15.0373
15.022
15.0493
15.0247
15.0507
15.1173
14.9193
15.0307
14.9613
15.068
15.112
14.9553
15.0633
15.08
15.1133
15.126
15.0473
15.0213
15.046
15.1
15.1247
15.062
15.112
15.0973
15.2147
15.0767
14.992
15.0553
14.9673
15.0393
15.126
15.0487
14.9753
15.0507
15.0207
14.9667
15.0933
15.214
15.0553
15.064
15.6975
15.5735
15.7165
15.717
15.514
15.4965
15.476
15.647
15.553
15.641
15.6565
15.5865
15.6875
15.78
15.5525
15.6155
15.632
15.6195
15.6765
15.5615
15.5685
15.5555
15.584
15.5595
15.5785
15.6485
15.449
15.5635
15.497
15.602
15.648
15.488
15.595
15.615
15.65
15.6615
15.5735
15.5545
15.574
15.6325
15.662
15.5955
15.6455
15.631
15.747
15.61
15.523
15.5905
15.506
15.569
15.659
15.588
15.513
15.5835
15.5585
15.5
15.6275
15.7485
15.588
15.596
16.2283
16.1097
16.2503
16.2493
16.052
16.027
16.0113
16.1793
16.084
16.1747
16.1903
16.1203
16.2217
16.3167
16.0883
16.149
16.166
16.1477
16.2037
16.0903
16.0997
16.089
16.1187
16.0943
16.1064
16.1797
15.9787
16.0963
16.0327
16.136
16.184
16.0207
16.1267
16.15
16.1867
16.197
16.0997
16.0877
16.102
16.165
16.1993
16.129
16.179
16.1647
16.2793
16.1433
16.054
16.1257
16.0447
16.0987
16.192
16.1273
16.0507
16.1163
16.0963
16.0333
16.1617
16.283
16.1207
16.128
16.7592
16.6458
16.7842
16.7817
16.59
16.5575
16.5467
16.7117
16.615
16.7083
16.7242
16.6542
16.7558
16.8533
16.6242
16.6825
16.7
16.6758
16.7308
16.6192
16.6308
16.6225
16.6533
16.6292
16.6342
16.7108
16.5083
16.6292
16.5683
16.67
16.72
16.5533
16.6583
16.685
16.7233
16.7325
16.6258
16.6209
16.63
16.6975
16.7367
16.6625
16.7125
16.6983
16.8117
16.6767
16.585
16.6608
16.5833
16.6283
16.725
16.6667
16.5883
16.6492
16.6342
16.5667
16.6958
16.8175
16.6533
16.66
17.29
17.182
17.318
17.314
17.128
17.088
17.082
17.244
17.146
17.242
17.258
17.188
17.29
17.39
17.16
17.216
17.234
17.204
17.258
17.148
17.162
17.156
17.188
17.164
17.162
17.242
17.038
17.162
17.104
17.204
17.256
17.086
17.19
17.22
17.26
17.268
17.152
17.154
17.158
17.23
17.274
17.196
17.246
17.232
17.344
17.21
17.116
17.196
17.122
17.158
17.258
17.206
17.126
17.182
17.172
17.1
17.23
17.352
17.186
17.192
17.8208
17.7182
17.8518
17.8463
17.666
17.6185
17.6173
17.7763
17.677
17.7757
17.7918
17.7218
17.8242
17.9267
17.6958
17.7495
17.768
17.7322
17.7852
17.6768
17.6932
17.6895
17.7227
17.6988
17.6898
17.7732
17.5677
17.6948
17.6397
17.738
17.792
17.6187
17.7217
17.755
17.7967
17.8035
17.6782
17.6872
17.686
17.7625
17.8113
17.7295
17.7795
17.7657
17.8763
17.7433
17.647
17.7312
17.6607
17.6877
17.791
17.7453
17.6637
17.7148
17.7098
17.6333
17.7642
17.8865
17.7187
17.724
18.3517
18.2543
18.3857
18.3787
18.204
18.149
18.1527
18.3087
18.208
18.3093
18.3257
18.2557
18.3583
18.4633
18.2317
18.283
18.302
18.2603
18.3123
18.2057
18.2243
18.223
18.2573
18.2337
18.2177
18.3043
18.0973
18.2277
18.1753
18.272
18.328
18.1513
18.2533
18.29
18.3333
18.339
18.2043
18.2204
18.214
18.295
18.3487
18.263
18.313
18.2993
18.4087
18.2767
18.178
18.2663
18.1993
18.2173
18.324
18.2847
18.2013
18.2477
18.2477
18.1667
18.2983
18.421
18.2513
18.256
18.8825
18.7905
18.9195
18.911
18.742
18.6795
18.688
18.841
18.739
18.843
18.8595
18.7895
18.8925
19
18.7675
18.8165
18.836
18.7885
18.8395
18.7345
18.7555
18.7565
18.792
18.7685
18.7455
18.8355
18.627
18.7605
18.711
18.806
18.864
18.684
18.785
18.825
18.87
18.8745
18.7305
18.7535
18.742
18.8275
18.886
18.7965
18.8465
18.833
18.941
18.81
18.709
18.8015
18.738
18.747
18.857
18.824
18.739
18.7805
18.7855
18.7
18.8325
18.9555
18.784
18.788
19.4133
19.3267
19.4533
19.4433
19.28
19.21
19.2233
19.3733
19.27
19.3767
19.3933
19.3233
19.4267
19.5367
19.3033
19.35
19.37
19.3167
19.3667
19.2633
19.2867
19.29
19.3267
19.3033
19.2733
19.3667
19.1567
19.2933
19.2467
19.34
19.4
19.2167
19.3167
19.36
19.4067
19.41
19.2567
19.2867
19.27
19.36
19.4233
19.33
19.38
19.3667
19.4733
19.3433
19.24
19.3367
19.2767
19.2767
19.39
19.3633
19.2767
19.3133
19.3233
19.2333
19.3667
19.49
19.3167
19.32
19.9442
19.8628
19.9872
19.9757
19.818
19.7405
19.7587
19.9057
19.801
19.9103
19.9272
19.8572
19.9608
20.0733
19.8392
19.8835
19.904
19.8448
19.8938
19.7922
19.8178
19.8235
19.8613
19.8382
19.8012
19.8978
19.6863
19.8262
19.7823
19.874
19.936
19.7493
19.8483
19.895
19.9433
19.9455
19.7828
19.8199
19.798
19.8925
19.9607
19.8635
19.9135
19.9003
20.0057
19.8767
19.771
19.8718
19.8153
19.8063
19.923
19.9027
19.8143
19.8462
19.8612
19.7667
19.9008
20.0245
19.8493
19.852
20.475
20.399
20.521
20.508
20.356
20.271
20.294
20.438
20.332
20.444
20.461
20.391
20.495
20.61
20.375
20.417
20.438
20.373
20.421
20.321
20.349
20.357
20.396
20.373
20.329
20.429
20.216
20.359
20.318
20.408
20.472
20.282
20.38
20.43
20.48
20.481
20.309
20.353
20.326
20.425
20.498
20.397
20.447
20.434
20.538
20.41
20.302
20.407
20.354
20.336
20.456
20.442
20.352
20.379
20.399
20.3
20.435
20.559
20.382
20.384
21.0058
20.9352
21.0548
21.0403
20.894
20.8015
20.8293
20.9703
20.863
20.9777
20.9948
20.9248
21.0292
21.1467
20.9108
20.9505
20.972
20.9012
20.9482
20.8498
20.8802
20.8905
20.9307
20.9078
20.8568
20.9602
20.7457
20.8918
20.8537
20.942
21.008
20.8147
20.9117
20.965
21.0167
21.0165
20.8352
20.8862
20.854
20.9575
21.0353
20.9305
20.9805
20.9677
21.0703
20.9433
20.833
20.9422
20.8927
20.8657
20.989
20.9813
20.8897
20.9118
20.9368
20.8333
20.9692
21.0935
20.9147
20.916
21.5367
21.4713
21.5887
21.5727
21.432
21.332
21.3647
21.5027
21.394
21.5113
21.5287
21.4587
21.5633
21.6833
21.4467
21.484
21.506
21.4293
21.4753
21.3787
21.4113
21.424
21.4653
21.4427
21.3847
21.4913
21.2753
21.4247
21.3893
21.476
21.544
21.3473
21.4433
21.5
21.5533
21.552
21.3613
21.4193
21.382
21.49
21.5727
21.464
21.514
21.5013
21.6027
21.4767
21.364
21.4773
21.4313
21.3953
21.522
21.5207
21.4273
21.4447
21.4747
21.3667
21.5033
21.628
21.4473
21.448
22.0675
22.0075
22.1225
22.105
21.97
21.8625
21.9
22.035
21.925
22.045
22.0625
21.9925
22.0975
22.22
21.9825
22.0175
22.04
21.9575
22.0025
21.9075
21.9425
21.9575
22
21.9775
21.9125
22.0225
21.805
21.9575
21.925
22.01
22.08
21.88
21.975
22.035
22.09
22.0875
21.8875
21.9525
21.91
22.0225
22.11
21.9975
22.0475
22.035
22.135
22.01
21.895
22.0125
21.97
21.925
22.055
22.06
21.965
21.9775
22.0125
21.9
22.0375
22.1625
21.98
21.98
22.5983
22.5437
22.6563
22.6373
22.508
22.393
22.4353
22.5673
22.456
22.5787
22.5963
22.5263
22.6317
22.7567
22.5183
22.551
22.574
22.4857
22.5297
22.4363
22.4737
22.491
22.5347
22.5123
22.4403
22.5537
22.3347
22.4903
22.4607
22.544
22.616
22.4127
22.5067
22.57
22.6267
22.623
22.4137
22.4857
22.438
22.555
22.6473
22.531
22.581
22.5687
22.6673
22.5433
22.426
22.5477
22.5087
22.4547
22.588
22.5993
22.5027
22.5103
22.5503
22.4333
22.5717
22.697
22.5127
22.512
23.1292
23.0798
23.1902
23.1697
23.046
22.9235
22.9707
23.0997
22.987
23.1123
23.1302
23.0602
23.1658
23.2933
23.0542
23.0845
23.108
23.0138
23.0568
22.9652
23.0048
23.0245
23.0693
23.0472
22.9682
23.0848
22.8643
23.0232
22.9963
23.078
23.152
22.9453
23.0383
23.105
23.1633
23.1585
22.9398
23.0188
22.966
23.0875
23.1847
23.0645
23.1145
23.1023
23.1997
23.0767
22.957
23.0828
23.0473
22.9843
23.121
23.1387
23.0403
23.0432
23.0882
22.9667
23.1058
23.2315
23.0453
23.044
23.66
23.616
23.724
23.702
23.584
23.454
23.506
23.632
23.518
23.646
23.664
23.594
23.7
23.83
23.59
23.618
23.642
23.542
23.584
23.494
23.536
23.558
23.604
23.582
23.496
23.616
23.394
23.556
23.532
23.612
23.688
23.478
23.57
23.64
23.7
23.694
23.466
23.552
23.494
23.62
23.722
23.598
23.648
23.636
23.732
23.61
23.488
23.618
23.586
23.514
23.654
23.678
23.578
23.576
23.626
23.5
23.64
23.766
23.578
23.576
24.1908
24.1522
24.2578
24.2343
24.122
23.9845
24.0413
24.1643
24.049
24.1797
24.1978
24.1278
24.2342
24.3667
24.1258
24.1515
24.176
24.0702
24.1112
24.0228
24.0672
24.0915
24.1387
24.1168
24.0238
24.1472
23.9237
24.0888
24.0677
24.146
24.224
24.0107
24.1017
24.175
24.2367
24.2295
23.9922
24.0852
24.022
24.1525
24.2593
24.1315
24.1815
24.1697
24.2643
24.1433
24.019
24.1532
24.1247
24.0437
24.187
24.2173
24.1157
24.1088
24.1638
24.0333
24.1742
24.3005
24.1107
24.108
24.7217
24.6883
24.7917
24.7667
24.66
24.515
24.5767
24.6967
24.58
24.7133
24.7316
24.6617
24.7683
24.9033
24.6617
24.685
24.71
24.5983
24.6383
24.5517
24.5983
24.625
24.6733
24.6517
24.5517
24.6783
24.4533
24.6217
24.6033
24.68
24.76
24.5433
24.6333
24.71
24.7733
24.765
24.5183
24.6183
24.55
24.685
24.7966
24.665
24.715
24.7033
24.7967
24.6767
24.55
24.6883
24.6633
24.5733
24.72
24.7567
24.6533
24.6417
24.7017
24.5667
24.7083
24.835
24.6433
24.64
25.2525
25.2245
25.3255
25.299
25.198
25.0455
25.112
25.229
25.111
25.247
25.2655
25.1955
25.3025
25.44
25.1975
25.2185
25.244
25.1265
25.1655
25.0805
25.1295
25.1585
25.208
25.1865
25.0795
25.2095
24.983
25.1545
25.139
25.214
25.296
25.076
25.165
25.245
25.31
25.3005
25.0445
25.1515
25.078
25.2175
25.334
25.1985
25.2485
25.237
25.329
25.21
25.081
25.2235
25.202
25.103
25.253
25.296
25.191
25.1745
25.2395
25.1
25.2425
25.3695
25.176
25.172
25.7833
25.7607
25.8593
25.8313
25.736
25.576
25.6473
25.7613
25.642
25.7807
25.7993
25.7293
25.8367
25.9767
25.7333
25.752
25.778
25.6547
25.6927
25.6093
25.6607
25.692
25.7427
25.7213
25.6073
25.7407
25.5127
25.6873
25.6747
25.748
25.832
25.6087
25.6967
25.78
25.8467
25.836
25.5707
25.6847
25.606
25.75
25.8713
25.732
25.782
25.7707
25.8613
25.7433
25.612
25.7586
25.7407
25.6327
25.786
25.8353
25.7287
25.7073
25.7773
25.6333
25.7767
25.904
25.7087
25.704
26.3142
26.2968
26.3931
26.3637
26.274
26.1065
26.1827
26.2937
26.173
26.3143
26.3331
26.2631
26.3708
26.5133
26.2692
26.2855
26.312
26.1828
26.2198
26.1382
26.1918
26.2255
26.2773
26.2562
26.1352
26.2718
26.0423
26.2202
26.2103
26.282
26.368
26.1413
26.2283
26.315
26.3833
26.3715
26.0968
26.2178
26.134
26.2825
26.4086
26.2655
26.3155
26.3043
26.3937
26.2767
26.143
26.2938
26.2793
26.1623
26.319
26.3747
26.2663
26.2402
26.3152
26.1667
26.3108
26.4385
26.2413
26.236
26.845
26.833
26.927
26.896
26.812
26.637
26.718
26.826
26.704
26.848
26.867
26.797
26.905
27.05
26.805
26.819
26.846
26.711
26.747
26.667
26.723
26.759
26.812
26.791
26.663
26.803
26.572
26.753
26.746
26.816
26.904
26.674
26.76
26.85
26.92
26.907
26.623
26.751
26.662
26.815
26.946
26.799
26.849
26.838
26.926
26.81
26.674
26.829
26.818
26.692
26.852
26.914
26.804
26.773
26.853
26.7
26.845
26.973
26.774
26.768
27.3758
27.3692
27.4608
27.4283
27.35
27.1675
27.2533
27.3583
27.235
27.3817
27.4008
27.3308
27.4392
27.5867
27.3408
27.3525
27.38
27.2392
27.2742
27.1958
27.2542
27.2925
27.3467
27.3258
27.1908
27.3342
27.1017
27.2858
27.2817
27.35
27.44
27.2067
27.2917
27.385
27.4567
27.4425
27.1492
27.2842
27.19
27.3475
27.4833
27.3325
27.3825
27.3717
27.4583
27.3433
27.205
27.3642
27.3567
27.2217
27.385
27.4533
27.3417
27.3058
27.3908
27.2333
27.3792
27.5075
27.3067
27.3
27.9067
27.9053
27.9946
27.9607
27.888
27.698
27.7887
27.8907
27.766
27.9153
27.9347
27.8647
27.9733
28.1233
27.8767
27.886
27.914
27.7673
27.8013
27.7247
27.7853
27.826
27.8813
27.8607
27.7187
27.8653
27.6313
27.8187
27.8173
27.884
27.976
27.7393
27.8233
27.92
27.9933
27.978
27.6753
27.8173
27.718
27.88
28.0207
27.866
27.916
27.9053
27.9907
27.8767
27.736
27.8993
27.8953
27.7513
27.918
27.9927
27.8793
27.8387
27.9287
27.7667
27.9133
28.042
27.8393
27.832
28.4375
28.4415
28.5285
28.493
28.426
28.2285
28.324
28.423
28.297
28.449
28.4685
28.3985
28.5075
28.66
28.4125
28.4195
28.448
28.2955
28.3285
28.2535
28.3165
28.3595
28.416
28.3955
28.2465
28.3965
28.161
28.3515
28.353
28.418
28.512
28.272
28.355
28.455
28.53
28.5135
28.2015
28.3505
28.246
28.4125
28.558
28.3995
28.4495
28.439
28.523
28.41
28.267
28.4345
28.434
28.281
28.451
28.532
28.417
28.3715
28.4665
28.3
28.4475
28.5765
28.372
28.364
28.9683
28.9777
29.0623
29.0253
28.964
28.759
28.8593
28.9553
28.828
28.9827
29.0023
28.9323
29.0417
29.1967
28.9483
28.953
28.982
28.8237
28.8557
28.7823
28.8477
28.893
28.9507
28.9303
28.7743
28.9277
28.6907
28.8843
28.8887
28.952
29.048
28.8047
28.8867
28.99
29.0667
29.049
28.7277
28.8837
28.774
28.945
29.0953
28.933
28.983
28.9727
29.0553
28.9433
28.798
28.9697
28.9727
28.8107
28.984
29.0713
28.9547
28.9043
29.0043
28.8333
28.9817
29.111
28.9047
28.896
29.4992
29.5138
29.5962
29.5577
29.502
29.2895
29.3947
29.4877
29.359
29.5163
29.5362
29.4662
29.5758
29.7333
29.4842
29.4865
29.516
29.3518
29.3828
29.3112
29.3788
29.4265
29.4853
29.4652
29.3022
29.4588
29.2203
29.4172
29.4243
29.486
29.584
29.3373
29.4183
29.525
29.6033
29.5845
29.2538
29.4168
29.302
29.4775
29.6327
29.4665
29.5165
29.5063
29.5877
29.4767
29.329
29.5048
29.5113
29.3403
29.517
29.6107
29.4923
29.4372
29.5422
29.3667
29.5158
29.6455
29.4373
29.428
