768.242
768.231
768.221
768.252
768.272
768.272
768.262
768.262
768.212
768.211
768.231
768.222
768.202
768.192
768.222
768.262
768.262
768.262
768.252
768.262
768.242
768.242
768.242
768.252
768.202
768.202
768.212
768.252
768.262
768.262
766.615
766.604
766.594
766.625
766.644
766.644
766.634
766.634
766.584
766.584
766.604
766.594
766.575
766.564
766.594
766.634
766.634
766.634
766.625
766.634
766.615
766.615
766.615
766.625
766.575
766.575
766.584
766.625
766.634
766.635
764.988
764.977
764.967
764.998
765.018
765.018
765.008
765.008
764.958
764.957
764.977
764.968
764.949
764.938
764.968
765.008
765.008
765.008
764.998
765.008
764.988
764.988
764.988
764.998
764.949
764.949
764.958
764.998
765.008
765.009
763.363
763.352
763.342
763.373
763.393
763.393
763.383
763.383
763.333
763.332
763.352
763.343
763.323
763.313
763.343
763.383
763.383
763.383
763.373
763.383
763.363
763.363
763.363
763.373
763.323
763.323
763.333
763.373
763.383
763.385
761.739
761.727
761.717
761.749
761.769
761.769
761.759
761.759
761.709
761.708
761.727
761.719
761.699
761.689
761.719
761.759
761.759
761.759
761.749
761.759
761.739
761.739
761.739
761.749
761.699
761.699
761.709
761.749
761.759
761.761
760.116
760.104
760.094
760.126
760.146
760.146
760.136
760.136
760.086
760.084
760.104
760.096
760.076
760.066
760.096
760.136
760.136
760.136
760.126
760.136
760.116
760.116
760.116
760.126
760.076
760.076
760.086
760.126
760.136
760.138
758.494
758.481
758.471
758.504
758.524
758.524
758.514
758.514
758.464
758.461
758.481
758.474
758.454
758.444
758.474
758.514
758.514
758.514
758.504
758.514
758.494
758.494
758.494
758.504
758.454
758.454
758.464
758.504
758.514
758.516
756.872
756.859
756.85
756.882
756.902
756.902
756.892
756.892
756.842
756.84
756.859
756.852
756.833
756.822
756.852
756.892
756.892
756.892
756.882
756.892
756.872
756.872
756.872
756.882
756.833
756.833
756.842
756.882
756.892
756.895
755.252
755.239
755.229
755.262
755.282
755.282
755.272
755.272
755.222
755.219
755.239
755.232
755.212
755.202
755.232
755.272
755.272
755.272
755.262
755.272
755.252
755.252
755.252
755.262
755.212
755.212
755.222
755.262
755.272
755.275
753.633
753.619
753.609
753.642
753.662
753.662
753.653
753.652
753.603
753.599
753.619
753.612
753.593
753.582
753.612
753.652
753.653
753.653
753.642
753.652
753.632
753.632
753.632
753.642
753.593
753.593
753.603
753.642
753.652
753.656
752.014
752
751.99
752.024
752.044
752.044
752.034
752.034
751.984
751.98
752
751.994
751.974
751.964
751.994
752.034
752.034
752.034
752.024
752.034
752.014
752.014
752.014
752.024
751.974
751.974
751.984
752.024
752.034
752.038
750.396
750.382
750.372
750.406
750.426
750.426
750.417
750.416
750.366
750.362
750.382
750.376
750.357
750.346
750.376
750.416
750.417
750.417
750.406
750.416
750.396
750.396
750.396
750.406
750.357
750.357
750.366
750.406
750.416
750.42
748.78
748.765
748.755
748.79
748.81
748.81
748.8
748.8
748.75
748.746
748.765
748.76
748.74
748.73
748.76
748.8
748.8
748.8
748.79
748.8
748.78
748.78
748.78
748.79
748.74
748.74
748.75
748.79
748.8
748.804
747.164
747.149
747.139
747.174
747.194
747.194
747.184
747.184
747.134
747.13
747.149
747.144
747.124
747.114
747.144
747.184
747.184
747.184
747.174
747.184
747.164
747.164
747.164
747.174
747.124
747.124
747.134
747.174
747.184
747.189
745.549
745.534
745.524
745.56
745.58
745.58
745.57
745.57
745.52
745.515
745.534
745.529
745.51
745.5
745.529
745.57
745.57
745.57
745.56
745.57
745.549
745.549
745.549
745.559
745.51
745.51
745.52
745.56
745.57
745.574
743.936
743.92
743.911
743.946
743.966
743.966
743.956
743.956
743.906
743.901
743.92
743.916
743.896
743.886
743.916
743.956
743.956
743.956
743.946
743.956
743.936
743.936
743.936
743.946
743.896
743.896
743.906
743.946
743.956
743.961
742.323
742.308
742.298
742.333
742.353
742.353
742.343
742.343
742.293
742.288
742.308
742.303
742.283
742.273
742.303
742.343
742.343
742.343
742.333
742.343
742.323
742.323
742.323
742.333
742.283
742.283
742.293
742.333
742.343
742.349
740.712
740.695
740.686
740.722
740.742
740.742
740.732
740.732
740.682
740.676
740.695
740.691
740.672
740.662
740.692
740.732
740.732
740.732
740.722
740.732
740.712
740.712
740.712
740.722
740.672
740.672
740.682
740.722
740.732
740.738
739.101
739.084
739.074
739.111
739.131
739.131
739.121
739.121
739.071
739.065
739.084
739.081
739.061
739.051
739.081
739.121
739.121
739.121
739.111
739.121
739.101
739.101
739.101
739.111
739.061
739.061
739.071
739.111
739.121
739.127
737.491
737.474
737.464
737.501
737.521
737.521
737.511
737.511
737.461
737.455
737.474
737.471
737.451
737.441
737.471
737.511
737.511
737.511
737.501
737.511
737.491
737.491
737.491
737.501
737.451
737.451
737.461
737.501
737.511
737.518
735.882
735.865
735.855
735.892
735.913
735.913
735.903
735.902
735.852
735.846
735.865
735.862
735.842
735.833
735.863
735.902
735.903
735.903
735.893
735.903
735.883
735.882
735.883
735.892
735.843
735.842
735.853
735.892
735.903
735.909
734.275
734.257
734.247
734.285
734.305
734.305
734.295
734.295
734.245
734.237
734.257
734.255
734.235
734.225
734.255
734.295
734.295
734.295
734.285
734.295
734.275
734.275
734.275
734.285
734.235
734.235
734.245
734.285
734.295
734.302
732.668
732.651
732.641
732.678
732.698
732.698
732.688
732.688
732.638
732.631
732.651
732.648
732.628
732.618
732.648
732.688
732.688
732.688
732.678
732.688
732.668
732.668
732.668
732.678
732.628
732.628
732.638
732.678
732.688
732.696
731.063
731.045
731.035
731.073
731.093
731.093
731.083
731.083
731.033
731.025
731.045
731.043
731.023
731.013
731.043
731.083
731.083
731.083
731.073
731.083
731.063
731.063
731.063
731.073
731.023
731.023
731.033
731.073
731.083
731.091
729.458
729.44
729.43
729.468
729.488
729.488
729.478
729.478
729.428
729.42
729.44
729.438
729.418
729.408
729.438
729.478
729.478
729.478
729.468
729.478
729.458
729.458
729.458
729.468
729.418
729.418
729.428
729.468
729.478
729.486
727.855
727.836
727.826
727.865
727.885
727.885
727.875
727.875
727.825
727.816
727.836
727.835
727.815
727.805
727.835
727.875
727.875
727.875
727.865
727.875
727.855
727.855
727.855
727.865
727.815
727.815
727.825
727.865
727.875
727.883
726.252
726.233
726.223
726.262
726.282
726.282
726.272
726.272
726.222
726.213
726.233
726.232
726.212
726.202
726.232
726.272
726.272
726.272
726.262
726.272
726.252
726.252
726.252
726.262
726.212
726.212
726.222
726.262
726.272
726.281
724.651
724.631
724.621
724.66
724.68
724.68
724.671
724.67
724.62
724.611
724.631
724.63
724.61
724.601
724.63
724.67
724.671
724.671
724.661
724.671
724.651
724.651
724.651
724.66
724.61
724.61
724.62
724.66
724.67
724.68
723.05
723.03
723.02
723.06
723.08
723.08
723.07
723.07
723.02
723.01
723.03
723.03
723.01
723
723.03
723.07
723.07
723.07
723.06
723.07
723.05
723.05
723.05
723.06
723.01
723.01
723.02
723.06
723.07
723.079
