712.217911
712.157515
712.072221
712.044956
712.229188
712.095360
712.236217
712.173138
712.133274
712.079389
705.896860
705.835630
705.751240
705.723924
705.907534
705.774084
705.916040
705.852890
705.811436
705.757934
699.586975
699.524912
699.441423
699.414056
699.597048
699.463972
699.607027
699.543806
699.500765
699.447643
693.288217
693.225321
693.142731
693.115312
693.297692
693.164983
693.309141
693.245846
693.201222
693.148476
687.000548
686.936818
686.855126
686.827652
687.009426
686.877079
687.022341
686.958970
686.912766
686.860396
680.723928
680.659365
680.578567
680.551039
680.732211
680.600221
680.746589
680.683141
680.635359
680.583362
674.458318
674.392922
674.313017
674.285432
674.466008
674.334370
674.481845
674.418319
674.368962
674.317337
668.203680
668.137451
668.058437
668.030794
668.210779
668.079487
668.228073
668.164466
668.113537
668.062281
661.959976
661.892913
661.814788
661.787087
661.966485
661.835535
661.985232
661.921543
661.869046
661.818156
655.727167
655.659270
655.582032
655.554272
655.733088
655.602475
655.753285
655.689513
655.635449
655.584924
649.505215
649.436485
649.360131
649.332311
649.510551
649.380269
649.532194
649.468337
649.412710
649.362547
643.294083
643.224520
643.149049
643.121166
643.298835
643.168879
643.321921
643.257978
643.200790
643.150987
637.093734
637.023336
636.948746
636.920801
637.097903
636.968268
637.122429
637.058398
636.999652
636.950208
630.904129
630.832897
630.759186
630.731177
630.907718
630.778398
630.933680
630.869559
630.809258
630.760170
624.725231
624.653166
624.580331
624.552258
624.728241
624.599233
624.755638
624.691426
624.629572
624.580838
618.557005
618.484105
618.412145
618.384006
618.559437
618.430735
618.588264
618.523960
618.460556
618.412175
612.399412
612.325678
612.254591
612.226385
612.401269
612.272868
612.431524
612.367124
612.302173
612.254143
606.252416
606.177847
606.107632
606.079358
606.253699
606.125594
606.285378
606.220884
606.154387
606.106705
600.115981
600.040578
599.971232
599.942888
600.116692
599.988878
600.149793
600.085201
600.017162
599.969827
593.990071
593.913832
593.845355
593.816941
593.990212
593.862684
594.024730
593.960039
593.890461
593.843470
587.874650
587.797575
587.729964
587.701478
587.874221
587.746975
587.910155
587.845364
587.774248
587.727600
581.769681
581.691771
581.625025
581.596466
581.768685
581.641715
581.806031
581.741139
581.668487
581.622180
575.675130
575.596383
575.530500
575.501868
575.673567
575.546869
575.712323
575.647327
575.573143
575.527176
569.590960
569.511377
569.446355
569.417648
569.588833
569.462401
569.628995
569.563895
569.488180
569.442550
563.517137
563.436717
563.372554
563.343771
563.514446
563.388277
563.556012
563.490806
563.413563
563.368269
557.453624
557.372367
557.309062
557.280203
557.450372
557.324460
557.493339
557.428025
557.349256
557.304296
551.400388
551.318294
551.255845
551.226908
551.396576
551.270916
551.440941
551.375518
551.295226
551.250598
545.357394
545.274461
545.212868
545.183852
545.353022
545.227611
545.398783
545.333250
545.251436
545.207138
539.324607
539.240836
539.180095
539.150999
539.319677
539.194509
539.366831
539.301186
539.217852
539.173884
533.301992
533.217382
533.157493
533.128316
533.296506
533.171577
533.345049
533.279291
533.194441
533.150799
527.289515
527.204066
527.145028
527.115768
527.283475
527.158779
527.333405
527.267532
527.181167
527.137851
521.287143
521.200854
521.142665
521.113322
521.280549
521.156083
521.331864
521.265875
521.177997
521.135004
515.294841
515.207712
515.150370
515.120943
515.287695
515.163453
515.340391
515.274285
515.184896
515.142226
509.312575
509.224605
509.168110
509.138598
509.304879
509.180857
509.358954
509.292729
509.201832
509.159482
503.340313
503.251502
503.195851
503.166252
503.332067
503.208261
503.387518
503.321174
503.228769
503.186739
497.378021
497.288367
497.233560
497.203874
497.369226
497.245631
497.426051
497.359585
497.265676
497.223963
491.425664
491.335169
491.281203
491.251429
491.416323
491.292934
491.474519
491.407931
491.312518
491.271121
485.483212
485.391873
485.338748
485.308884
485.473324
485.350137
485.532889
485.466177
485.369263
485.328181
479.550630
479.458447
479.406162
479.376208
479.540197
479.417208
479.601128
479.534291
479.435878
479.395108
473.627885
473.534859
473.483411
473.453366
473.616909
473.494113
473.679204
473.612240
473.512330
473.471872
467.714946
467.621075
467.570464
467.540326
467.703428
467.580820
467.767083
467.699991
467.598586
467.558438
461.811780
461.717063
461.667288
461.637056
461.799720
461.677297
461.864735
461.797513
461.694615
461.654775
455.918354
455.822792
455.773851
455.743524
455.905755
455.783511
455.972125
455.904773
455.800383
455.760850
450.034637
449.938228
449.890120
449.859698
450.021499
449.899430
450.089222
450.021739
449.915858
449.876631
444.160597
444.063340
444.016065
443.985545
444.146920
444.025022
444.215995
444.148378
444.041010
444.002087
438.296201
438.198096
438.151652
438.121035
438.281988
438.160257
438.352412
438.284660
438.175805
438.137186
432.441419
432.342465
432.296850
432.266134
432.426669
432.305101
432.498440
432.430553
432.320213
432.281895
426.596218
426.496415
426.451629
426.420813
426.580934
426.459523
426.654049
426.586025
426.474202
426.436184
420.760568
420.659914
420.615956
420.585039
420.744750
420.623493
420.819207
420.751045
420.637740
420.600021
414.934437
414.832933
414.789801
414.758782
414.918087
414.796979
414.993883
414.925581
414.810796
414.773375
409.117795
409.015438
408.973132
408.942010
409.100912
408.979950
409.178046
409.109604
408.993340
408.956215
403.310610
403.207401
403.165919
403.134693
403.293197
403.172375
403.371665
403.303081
403.185341
403.148511
397.512852
397.408789
397.368131
397.336800
397.494909
397.374224
397.574710
397.505983
397.386767
397.350231
391.724490
391.619573
391.579738
391.548301
391.706018
391.585465
391.787150
391.718278
391.597589
391.561345
385.945494
385.839722
385.800708
385.769164
385.926494
385.806070
386.008954
385.939937
385.817775
385.781822
380.175833
380.069206
380.031013
379.999361
380.156307
380.036006
380.240093
380.170929
380.047296
380.011633
374.415479
374.307994
374.270621
374.238860
374.395425
374.275245
374.480536
374.411224
374.286122
374.250748
368.664399
368.556057
368.519503
368.487631
368.643821
368.523756
368.730253
368.660792
368.534222
368.499135
362.922566
362.813365
362.777629
362.745646
362.901463
362.781510
362.989215
362.919603
362.791567
362.756766
357.189948
357.079888
357.044969
357.012874
357.168322
357.048477
357.257392
357.187628
357.058126
357.023611
351.466517
351.355597
351.321494
351.289286
351.444368
351.324626
351.534753
351.464837
351.333871
351.299640
345.752244
345.640462
345.607175
345.574852
345.729572
345.609930
345.821271
345.751201
345.618773
345.584825
340.047098
339.934454
339.901981
339.869544
340.023906
339.904358
340.116916
340.046691
339.912801
339.879135
334.351051
334.237544
334.205885
334.173331
334.327338
334.207882
334.421658
334.351276
334.215926
334.182541
328.664074
328.549703
328.518857
328.486186
328.639842
328.520473
328.735468
328.664930
328.528121
328.495015
322.986138
322.870902
322.840868
322.808079
322.961387
322.842101
323.058319
322.987622
322.849355
322.816528
317.317214
317.201112
317.171890
317.138981
317.291945
317.172738
317.390180
317.319323
317.179600
317.147051
311.657274
311.540305
311.511894
311.478865
311.631488
311.512356
311.731025
311.660007
311.518829
311.486556
306.006289
305.888453
305.860852
305.827701
305.979986
305.860926
306.080823
306.009643
305.867011
305.835013
300.364232
300.245526
300.218735
300.185462
300.337413
300.218420
300.439547
300.368204
300.224119
300.192396
