1500.050000
1500.090000
1499.880000
1499.850000
1500.150000
1499.930000
1499.960000
1499.890000
1500.060000
1499.940000
1494.093763
1494.132975
1493.924061
1493.894148
1494.192941
1493.973908
1494.004573
1493.934759
1494.103010
1493.983695
1488.147437
1488.185864
1487.978030
1487.948203
1488.245797
1488.027725
1488.059057
1487.989425
1488.155934
1488.037298
1482.210989
1482.248634
1482.041876
1482.012133
1482.308536
1482.091417
1482.123417
1482.053966
1482.218738
1482.100778
1476.284386
1476.321251
1476.115564
1476.085905
1476.381124
1476.164953
1476.197621
1476.128348
1476.291391
1476.174102
1470.367596
1470.403684
1470.199064
1470.169487
1470.463530
1470.248298
1470.281637
1470.212539
1470.373859
1470.257236
1464.460587
1464.495899
1464.292341
1464.262845
1464.555720
1464.341422
1464.375432
1464.306507
1464.466111
1464.350148
1458.563325
1458.597865
1458.395364
1458.365948
1458.657663
1458.444291
1458.478975
1458.410219
1458.568112
1458.452807
1452.675780
1452.709549
1452.508101
1452.478764
1452.769326
1452.556873
1452.592232
1452.523644
1452.679833
1452.565179
1446.797918
1446.830920
1446.630520
1446.601260
1446.890677
1446.679137
1446.715171
1446.646749
1446.801240
1446.687234
1440.929709
1440.961945
1440.762588
1440.733406
1441.021684
1440.811051
1440.847762
1440.779502
1440.932301
1440.818939
1435.071120
1435.102593
1434.904275
1434.875168
1435.162316
1434.952583
1434.989973
1434.921872
1435.072986
1434.960262
1429.222120
1429.252832
1429.055550
1429.026517
1429.312542
1429.103702
1429.141771
1429.073828
1429.223262
1429.111173
1423.382678
1423.412631
1423.216379
1423.187419
1423.472329
1423.264376
1423.303126
1423.235338
1423.383098
1423.271639
1417.552763
1417.581959
1417.386733
1417.357846
1417.641647
1417.434574
1417.474006
1417.406371
1417.552463
1417.441631
1411.732343
1411.760785
1411.566581
1411.537764
1411.820464
1411.614265
1411.654381
1411.586895
1411.731326
1411.621115
1405.921387
1405.949078
1405.755891
1405.727144
1406.008750
1405.803419
1405.844219
1405.776881
1405.919656
1405.810063
1400.119866
1400.146806
1399.954633
1399.925955
1400.206474
1400.002004
1400.043490
1399.976298
1400.117422
1400.008443
1394.327748
1394.353940
1394.162776
1394.134166
1394.413605
1394.209990
1394.252163
1394.185114
1394.324594
1394.216224
1388.545003
1388.570449
1388.380290
1388.351746
1388.630112
1388.427346
1388.470208
1388.403300
1388.541141
1388.433376
1382.771600
1382.796303
1382.607145
1382.578667
1382.855967
1382.654043
1382.697595
1382.630825
1382.767033
1382.659869
1377.007510
1377.031471
1376.843310
1376.814896
1377.091137
1376.890050
1376.934293
1376.867659
1377.002239
1376.895672
1371.252703
1371.275924
1371.088756
1371.060405
1371.335594
1371.135337
1371.180272
1371.113772
1371.246730
1371.140757
1365.507148
1365.529632
1365.343452
1365.315164
1365.589307
1365.389875
1365.435503
1365.369135
1365.500476
1365.395092
1359.770817
1359.792564
1359.607369
1359.579142
1359.852247
1359.653633
1359.699956
1359.633717
1359.763447
1359.658648
1354.043678
1354.064692
1353.880478
1353.852311
1354.124384
1353.926583
1353.973601
1353.907490
1354.035614
1353.931396
1348.325704
1348.345986
1348.162748
1348.134641
1348.405688
1348.208694
1348.256409
1348.190423
1348.316946
1348.213306
1342.616864
1342.636416
1342.454152
1342.426103
1342.696131
1342.499937
1342.548351
1342.482487
1342.607416
1342.504349
1336.917131
1336.935954
1336.754659
1336.726667
1336.995683
1336.800284
1336.849397
1336.783654
1336.906993
1336.804496
1331.226473
1331.244570
1331.064241
1331.036305
1331.304315
1331.109705
1331.159518
1331.093894
1331.215648
1331.113718
1325.544864
1325.562236
1325.382868
1325.354988
1325.621999
1325.428171
1325.478687
1325.413179
1325.533353
1325.431985
1319.872273
1319.888923
1319.710513
1319.682687
1319.948705
1319.755655
1319.806873
1319.741479
1319.860079
1319.759270
1314.208673
1314.224602
1314.047146
1314.019373
1314.284405
1314.092126
1314.144048
1314.078767
1314.195797
1314.095544
1308.554035
1308.569245
1308.392739
1308.365018
1308.629070
1308.437557
1308.490185
1308.425014
1308.540480
1308.440778
1302.908331
1302.922823
1302.747264
1302.719594
1302.982672
1302.791920
1302.845254
1302.780191
1302.894097
1302.794943
1297.271532
1297.285308
1297.110692
1297.083073
1297.345183
1297.155186
1297.209228
1297.144270
1297.256622
1297.158013
1291.643610
1291.656673
1291.482996
1291.455427
1291.716575
1291.527327
1291.582077
1291.517224
1291.628026
1291.529958
1286.024538
1286.036888
1285.864148
1285.836627
1286.096820
1285.908315
1285.963776
1285.899025
1286.008282
1285.910751
1280.414288
1280.425928
1280.254120
1280.226646
1280.485889
1280.298123
1280.354295
1280.289644
1280.397361
1280.300364
1274.812832
1274.823763
1274.652884
1274.625456
1274.883756
1274.696723
1274.753607
1274.689054
1274.795236
1274.698770
1269.220143
1269.230366
1269.060412
1269.033030
1269.290393
1269.104087
1269.161685
1269.097227
1269.201879
1269.105940
1263.636193
1263.645710
1263.476678
1263.449340
1263.705772
1263.520188
1263.578500
1263.514137
1263.617263
1263.521848
1258.060955
1258.069767
1257.901654
1257.874360
1258.129867
1257.944999
1258.004027
1257.939756
1258.041361
1257.946466
1252.494402
1252.502511
1252.335313
1252.308062
1252.562649
1252.378493
1252.438237
1252.374057
1252.474145
1252.379767
1246.936506
1246.943914
1246.777628
1246.750418
1247.004092
1246.820642
1246.881104
1246.817012
1246.915588
1246.821725
1241.387242
1241.393950
1241.228573
1241.201403
1241.454169
1241.271419
1241.332601
1241.268595
1241.365664
1241.272311
1235.846581
1235.852591
1235.688119
1235.660989
1235.912853
1235.730799
1235.792701
1235.728780
1235.824345
1235.731500
1230.314498
1230.319811
1230.156241
1230.129150
1230.380118
1230.198754
1230.261378
1230.197539
1230.291606
1230.199265
1224.790967
1224.795584
1224.632913
1224.605860
1224.855937
1224.675258
1224.738604
1224.674846
1224.767419
1224.675579
1219.275959
1219.279882
1219.118107
1219.091091
1219.340283
1219.160284
1219.224354
1219.160675
1219.251758
1219.160416
1213.769451
1213.772681
1213.611798
1213.584818
1213.833131
1213.653807
1213.718602
1213.655000
1213.744597
1213.653750
1208.271414
1208.273953
1208.113959
1208.087015
1208.334454
1208.155800
1208.221320
1208.157794
1208.245910
1208.155555
1202.781824
1202.783672
1202.624565
1202.597655
1202.844225
1202.666236
1202.732484
1202.669031
1202.755670
1202.665803
1197.300653
1197.301814
1197.143589
1197.116712
1197.362420
1197.185091
1197.252067
1197.188686
1197.273852
1197.184471
1191.827878
1191.828351
1191.671006
1191.644162
1191.889012
1191.712338
1191.780043
1191.716732
1191.800429
1191.711531
1186.363471
1186.363258
1186.206790
1186.179977
1186.423976
1186.247952
1186.316387
1186.253144
1186.335377
1186.246959
1180.907408
1180.906510
1180.750916
1180.724134
1180.967286
1180.791906
1180.861073
1180.797897
1180.878670
1180.790728
1175.459662
1175.458081
1175.303357
1175.276606
1175.518917
1175.344177
1175.414076
1175.350965
1175.430281
1175.342814
1170.020209
1170.017945
1169.864090
1169.837367
1170.078842
1169.904738
1169.975371
1169.912323
1169.990187
1169.903190
1164.589023
1164.586079
1164.433088
1164.406393
1164.647038
1164.473564
1164.544932
1164.481945
1164.558361
1164.471832
1159.166080
1159.162455
1159.010327
1158.983659
1159.223479
1159.050630
1159.122734
1159.059807
1159.134778
1159.048715
1153.751354
1153.747051
1153.595781
1153.569140
1153.808139
1153.635912
1153.708752
1153.645883
1153.719414
1153.633814
1148.344820
1148.339839
1148.189426
1148.162811
1148.400995
1148.229383
1148.302962
1148.240149
1148.312244
1148.227103
1142.946454
1142.940797
1142.791237
1142.764646
1143.002021
1142.831021
1142.905338
1142.842580
1142.913242
1142.828558
1137.556231
1137.549899
1137.401189
1137.374623
1137.611192
1137.440799
1137.515857
1137.453152
1137.522385
1137.438155
1132.174127
1132.167120
1132.019259
1131.992715
1132.228485
1132.058693
1132.134493
1132.071839
1132.139647
1132.055868
1126.800116
1126.792437
1126.645420
1126.618899
1126.853874
1126.684680
1126.761221
1126.698618
1126.765005
1126.681675
1121.434176
1121.425825
1121.279650
1121.253150
1121.487335
1121.318734
1121.396019
1121.333464
1121.398433
1121.315549
1116.076281
1116.067259
1115.921924
1115.895444
1116.128845
1115.960832
1116.038861
1115.976353
1116.039908
1115.957467
1110.726407
1110.716716
1110.572217
1110.545757
1110.778378
1110.610949
1110.689724
1110.627260
1110.689406
1110.607406
1105.384531
1105.374171
1105.230507
1105.204066
1105.435912
1105.269061
1105.348583
1105.286163
1105.346902
1105.265340
1100.050629
1100.039601
1099.896768
1099.870345
1100.101421
1099.935145
1100.015415
1099.953037
1100.012373
1099.931246
1094.724677
1094.712982
1094.570978
1094.544572
1094.774883
1094.609177
1094.690196
1094.627858
1094.685795
1094.605101
1089.406651
1089.394291
1089.253113
1089.226723
1089.456273
1089.291133
1089.372902
1089.310603
1089.367144
1089.286880
1084.096527
1084.083503
1083.943148
1083.916774
1084.145569
1083.980990
1084.063510
1084.001248
1084.056396
1083.976561
1078.794283
1078.780595
1078.641061
1078.614702
1078.842746
1078.678724
1078.761996
1078.699770
1078.753529
1078.674119
1073.499895
1073.485544
1073.346829
1073.320484
1073.547781
1073.384312
1073.468337
1073.406145
1073.458519
1073.379532
1068.213340
1068.198326
1068.060427
1068.034095
1068.260651
1068.097730
1068.182509
1068.120350
1068.171342
1068.092775
1062.934594
1062.918919
1062.781834
1062.755514
1062.981333
1062.818956
1062.904490
1062.842363
1062.891976
1062.813827
1057.663635
1057.647300
1057.511025
1057.484717
1057.709804
1057.547966
1057.634257
1057.572159
1057.620397
1057.542664
1052.400439
1052.383445
1052.247979
1052.221681
1052.446041
1052.284738
1052.371786
1052.309717
1052.356583
1052.279262
1047.144984
1047.127332
1046.992672
1046.966384
1047.190020
1047.029248
1047.117055
1047.055012
1047.100510
1047.023600
1041.897247
1041.878937
1041.745081
1041.718802
1041.941720
1041.781475
1041.870041
1041.808024
1041.852156
1041.775655
1036.657205
1036.638239
1036.505184
1036.478914
1036.701117
1036.541394
1036.630721
1036.568728
1036.611498
1036.535403
1031.424836
1031.405214
1031.272958
1031.246696
1031.468189
1031.308985
1031.399074
1031.337103
1031.378514
1031.302823
1026.200118
1026.179841
1026.048381
1026.022125
1026.242914
1026.084224
1026.175075
1026.113126
1026.153181
1026.077891
1020.983028
1020.962096
1020.831431
1020.805181
1021.025269
1020.867089
1020.958704
1020.896774
1020.935477
1020.860586
1015.773543
1015.751958
1015.622085
1015.595840
1015.815232
1015.657557
1015.749937
1015.688026
1015.725379
1015.650886
1010.571642
1010.549405
1010.420321
1010.394081
1010.612781
1010.455608
1010.548754
1010.486859
1010.522866
1010.448767
1005.377303
1005.354414
1005.226117
1005.199881
1005.417893
1005.261218
1005.355131
1005.293252
1005.327915
1005.254209
1000.190504
1000.166963
1000.039452
1000.013219
1000.230547
1000.074365
1000.169046
1000.107182
1000.140505
1000.067189
995.011223
994.987031
994.860302
994.834072
995.050721
994.895029
994.990479
994.928627
994.960613
994.887685
989.839438
989.814596
989.688648
989.662419
989.878393
989.723187
989.819407
989.757567
989.788218
989.715676
984.675127
984.649636
984.524466
984.498238
984.713542
984.558817
984.655808
984.593978
984.623298
984.551140
979.518269
979.492130
979.367736
979.341508
979.556145
979.401898
979.499661
979.437840
979.465832
979.394055
974.368842
974.342055
974.218436
974.192207
974.406182
974.252408
974.350945
974.289131
974.315797
974.244401
969.226826
969.199392
969.076545
969.050314
969.263631
969.110326
969.209638
969.147830
969.173174
969.102155
964.092198
964.064117
963.942040
963.915807
964.128470
963.975631
964.075718
964.013915
964.037939
963.967296
958.964938
958.936211
958.814902
958.788666
959.000679
958.848302
958.949165
958.887366
958.910073
958.839803
953.845024
953.815652
953.695109
953.668869
953.880236
953.728317
953.829958
953.768161
953.789554
953.719655
948.732436
948.702419
948.582639
948.556395
948.767120
948.615656
948.718075
948.656279
948.676361
948.606831
943.627152
943.596491
943.477473
943.451223
943.661311
943.510297
943.613495
943.551699
943.570472
943.501310
938.529152
938.497848
938.379589
938.353333
938.562787
938.412219
938.516198
938.454401
938.471868
938.403071
933.438415
933.406468
933.288966
933.262704
933.471528
933.321403
933.426164
933.364363
933.380528
933.312094
928.354920
928.322330
928.205584
928.179315
928.387512
928.237826
928.343370
928.281566
928.296430
928.228358
923.278647
923.245415
923.129423
923.103145
923.310721
923.161470
923.267797
923.205988
923.219554
923.151841
918.209575
918.175701
918.060461
918.034174
918.241132
918.092312
918.199425
918.137609
918.149880
918.082525
913.147684
913.113169
912.998679
912.972382
913.178726
913.030334
913.138232
913.076408
913.087387
913.020388
908.092953
908.057798
907.944055
907.917749
908.123482
907.975514
908.084199
908.022366
908.032055
907.965409
903.045362
903.009568
902.896571
902.870253
903.075379
902.927832
903.037305
902.975462
902.983864
902.917570
898.004892
897.968458
897.856205
897.829876
898.034399
897.887269
897.997531
897.935676
897.942793
897.876849
892.971522
892.934449
892.822938
892.796596
893.000521
892.853803
892.964855
892.902988
892.908823
892.843227
887.945232
887.907520
887.796750
887.770395
887.973724
887.827416
887.939259
887.877378
887.881933
887.816684
882.926002
882.887652
882.777620
882.751251
882.953989
882.808086
882.920722
882.858827
882.862104
882.797200
877.913812
877.874825
877.765530
877.739146
877.941296
877.795796
877.909224
877.847313
877.849315
877.784754
872.908644
872.869018
872.760459
872.734060
872.935625
872.790524
872.904747
872.842818
872.843548
872.779328
867.910476
867.870214
867.762387
867.735972
867.936957
867.792251
867.907269
867.845322
867.844782
867.780901
862.919290
862.878391
862.771296
862.744864
862.945273
862.800958
862.916772
862.854805
862.852998
862.789454
857.935066
857.893531
857.787165
857.760716
857.960551
857.816624
857.933236
857.871249
857.868176
857.804968
852.957784
852.915613
852.809976
852.783509
852.982774
852.839232
852.956642
852.894633
852.890297
852.827424
847.987426
847.944620
847.839708
847.813223
848.011922
847.868760
847.986970
847.924938
847.919342
847.856801
843.023972
842.980531
842.876344
842.849839
843.047976
842.905191
843.024202
842.962145
842.955291
842.893081
838.067403
838.023327
837.919863
837.893338
838.090916
837.948505
838.068317
838.006236
837.998125
837.936244
833.117700
833.072989
832.970246
832.943700
833.140723
832.998683
833.119298
833.057190
833.047826
832.986272
828.174844
828.129499
828.027476
828.000908
828.197379
828.055706
828.177125
828.114989
828.104374
828.043146
823.238815
823.192837
823.091531
823.064942
823.260864
823.119555
823.241778
823.179614
823.167749
823.106846
818.309596
818.262984
818.162395
818.135782
818.331159
818.190211
818.313240
818.251046
818.237935
818.177353
813.387168
813.339922
813.240048
813.213412
813.408247
813.267656
813.391492
813.329267
813.314911
813.254650
808.471511
808.423632
808.324471
808.297810
808.492108
808.351870
808.476514
808.414258
808.398658
808.338717
803.562607
803.514096
803.415646
803.388960
803.582723
803.442836
803.568288
803.505999
803.489159
803.429536
798.660438
798.611294
798.513554
798.486843
798.680074
798.540534
798.666796
798.604473
798.586395
798.527088
793.764985
793.715209
793.618177
793.591440
793.784143
793.644946
793.772020
793.709662
793.690347
793.631355
788.876230
788.825821
788.729497
788.702733
788.894911
788.756055
788.883940
788.821546
788.800997
788.742318
783.994154
783.943114
783.847495
783.820703
784.012360
783.873841
784.002539
783.940108
783.918327
783.859960
779.118740
779.067068
778.972153
778.945332
779.136471
778.998286
779.127799
779.065329
779.042318
778.984261
774.249969
774.197665
774.103452
774.076603
774.267227
774.129372
774.259700
774.197192
774.172953
774.115204
769.387823
769.334887
769.241376
769.214497
769.404610
769.267082
769.398226
769.335677
769.310212
769.252770
764.532283
764.478717
764.385905
764.358996
764.548600
764.411396
764.543358
764.480768
764.454079
764.396943
759.683333
759.629136
759.537022
759.510082
759.699181
759.562298
759.695078
759.632446
759.604534
759.547703
754.840955
754.786126
754.694709
754.667737
754.856335
754.719769
754.853369
754.790693
754.761562
754.705033
750.005129
749.949670
749.858948
749.831944
750.020043
749.883792
750.018212
749.955492
749.925142
749.868915
745.175840
745.119750
745.029722
745.002685
745.190288
745.054348
745.189590
745.126825
745.095259
745.039331
740.353069
740.296349
740.207013
740.179942
740.367053
740.231421
740.367485
740.304674
740.271893
740.216264
735.536798
735.479447
735.390802
735.363698
735.550320
735.414992
735.551880
735.489022
735.455029
735.399697
730.727010
730.669030
730.581074
730.553935
730.740070
730.605045
730.742758
730.679851
730.644647
730.589611
725.923688
725.865077
725.777810
725.750636
725.936288
725.801561
725.940100
725.877144
725.840731
725.785989
721.126815
721.067574
720.980994
720.953783
721.138955
721.004524
721.143889
721.080883
721.043263
720.988815
716.336372
716.276501
716.190607
716.163359
716.348055
716.213916
716.354109
716.291052
716.252227
716.198070
711.552343
711.491842
711.406632
711.379347
711.563569
711.429719
711.570741
711.507632
711.467604
711.413737
706.774711
706.713580
706.629053
706.601730
706.785481
706.651918
706.793770
706.730607
706.689377
706.635800
702.003459
701.941698
701.857853
701.830491
702.013774
701.880494
702.023177
701.959960
701.917531
701.864241
697.238569
697.176178
697.093014
697.065612
697.248431
697.115431
697.258946
697.195674
697.152046
697.099043
692.480024
692.417003
692.334519
692.307077
692.489434
692.356711
692.501059
692.437732
692.392908
692.340189
687.727809
687.664158
687.582351
687.554869
687.736767
687.604318
687.749501
687.686117
687.640097
687.587663
682.981905
682.917625
682.836495
682.808971
682.990413
682.858236
683.004254
682.940811
682.893599
682.841448
678.242296
678.177386
678.096932
678.069367
678.250356
678.118446
678.265301
678.201800
678.153396
678.101526
673.508967
673.443427
673.363647
673.336039
673.516578
673.384933
673.532625
673.469065
673.419472
673.367881
668.781899
668.715729
668.636623
668.608971
668.789063
668.657681
668.806211
668.742590
668.691809
668.640497
664.061076
663.994276
663.915842
663.888147
664.067795
663.936671
664.086042
664.022359
663.970391
663.919358
659.346482
659.279053
659.201290
659.173550
659.352756
659.221889
659.372100
659.308355
659.255203
659.204445
654.638101
654.570042
654.492948
654.465164
654.643931
654.513318
654.664370
654.600562
654.546226
654.495744
649.935916
649.867227
649.790802
649.762971
649.941303
649.810940
649.962835
649.898963
649.843446
649.793238
645.239911
645.170592
645.094834
645.066957
645.244857
645.114741
645.267480
645.203542
645.146845
645.096910
640.550070
640.480120
640.405029
640.377105
640.554574
640.424703
640.578287
640.514283
640.456408
640.406744
635.866376
635.795796
635.721370
635.693399
635.870441
635.740811
635.895241
635.831171
635.772118
635.722725
631.188813
631.117603
631.043842
631.015822
631.192439
631.063049
631.218326
631.154187
631.093959
631.044836
626.517366
626.445525
626.372427
626.344359
626.520554
626.391399
626.547525
626.483318
626.421916
626.373060
621.852018
621.779547
621.707111
621.678993
621.854770
621.725848
621.882823
621.818546
621.755972
621.707383
617.192754
617.119652
617.047878
617.019709
617.195070
617.066378
617.224203
617.159856
617.096111
617.047788
612.539558
612.465825
612.394710
612.366491
612.541438
612.412974
612.571650
612.507232
612.442317
612.394260
607.892413
607.818050
607.747594
607.719323
607.893860
607.765620
607.925149
607.860658
607.794575
607.746782
603.251305
603.176310
603.106512
603.078190
603.252318
603.124300
603.284682
603.220119
603.152870
603.105339
598.616217
598.540591
598.471450
598.443075
598.616798
598.488999
598.650236
598.585599
598.517184
598.469915
593.987134
593.910877
593.842392
593.813964
593.987284
593.859701
594.021793
593.957082
593.887503
593.840494
589.364040
589.287152
589.219322
589.190840
589.363760
589.236390
589.399340
589.334552
589.263811
589.217062
584.746921
584.669401
584.602225
584.573688
584.746211
584.619052
584.782859
584.717995
584.646093
584.599602
580.135760
580.057608
579.991085
579.962493
580.134621
580.007670
580.172336
580.107395
580.034333
579.988100
575.530542
575.451758
575.385887
575.357240
575.528975
575.402229
575.567755
575.502737
575.428516
575.382539
570.931252
570.851836
570.786616
570.757913
570.929258
570.802714
570.969102
570.904004
570.828627
570.782905
566.337875
566.257826
566.193257
566.164496
566.335455
566.209110
566.376360
566.311183
566.234650
566.189183
561.750395
561.669714
561.605793
561.576975
561.747549
561.621402
561.789515
561.724257
561.646570
561.601356
557.168797
557.087483
557.024211
556.995335
557.165527
557.039574
557.208552
557.143212
557.064372
557.019410
552.593067
552.511120
552.448496
552.419561
552.589373
552.463612
552.633455
552.568033
552.488041
552.443331
548.023189
547.940609
547.878631
547.849637
548.019073
547.893500
548.064209
547.998705
547.917562
547.873102
543.459148
543.375935
543.314602
543.285548
543.454610
543.329223
543.500800
543.435212
543.352920
543.308709
538.900930
538.817083
538.756395
538.727280
538.895970
538.770767
538.943213
538.877540
538.794100
538.750138
534.348519
534.264038
534.203995
534.174819
534.343139
534.218116
534.391432
534.325674
534.241088
534.197373
529.801902
529.716786
529.657386
529.628148
529.796102
529.671257
529.845444
529.779600
529.693868
529.650399
525.261062
525.175312
525.116554
525.087254
525.254843
525.130174
525.305233
525.239302
525.152425
525.109202
520.725986
520.639601
520.581484
520.552121
520.719349
520.594852
520.770784
520.704766
520.616746
520.573767
516.196658
516.109638
516.052163
516.022736
516.189604
516.065278
516.242084
516.175977
516.086815
516.044080
511.673065
511.585410
511.528574
511.499083
511.665594
511.541435
511.719117
511.652920
511.562618
511.520126
507.155192
507.066901
507.010704
506.981148
507.147305
507.023311
507.201869
507.135583
507.044140
507.001890
502.643024
502.554097
502.498539
502.468917
502.634722
502.510890
502.690326
502.623948
502.531367
502.489358
498.136547
498.046984
497.992063
497.962376
498.127830
498.004158
498.184473
498.118004
498.024285
497.982516
493.635747
493.545547
493.491263
493.461509
493.626616
493.503101
493.684295
493.617734
493.522879
493.481350
489.140609
489.049772
488.996124
488.966303
489.131065
489.007705
489.189780
489.123125
489.027135
488.985844
484.651119
484.559645
484.506632
484.476743
484.641163
484.517955
484.700912
484.634163
484.537039
484.495985
480.167264
480.075152
480.022773
479.992816
480.156895
480.033837
480.217677
480.150834
480.052576
480.011759
475.689028
475.596278
475.544533
475.514507
475.678248
475.555336
475.740061
475.673122
475.573733
475.533151
471.216397
471.123010
471.071898
471.041802
471.205207
471.082440
471.268050
471.201015
471.100495
471.060148
466.749359
466.655333
466.604853
466.574687
466.737759
466.615134
466.801630
466.734498
466.632848
466.592736
462.287898
462.193233
462.143385
462.113149
462.275889
462.153403
462.340787
462.273558
462.170779
462.130900
457.832002
457.736697
457.687480
457.657172
457.819584
457.697235
457.885507
457.818180
457.714273
457.674626
453.381655
453.285711
453.237124
453.206744
453.368830
453.246615
453.435777
453.368350
453.263317
453.223902
448.936845
448.840260
448.792303
448.761851
448.923612
448.801529
448.991582
448.924056
448.817896
448.778712
444.497557
444.400332
444.353004
444.322478
444.483918
444.361964
444.552909
444.485282
444.377997
444.339043
440.063778
439.965912
439.919212
439.888613
440.049733
439.927905
440.119744
440.052015
439.943607
439.904882
435.635494
435.536986
435.490914
435.460241
435.621043
435.499340
435.692073
435.624243
435.514711
435.476215
431.212692
431.113542
431.068097
431.037349
431.197836
431.076255
431.269883
431.201950
431.091297
431.053028
426.795357
426.695566
426.650747
426.619923
426.780098
426.658636
426.853160
426.785124
426.673350
426.635308
422.383477
422.283043
422.238851
422.207950
422.367814
422.246469
422.441891
422.373751
422.260856
422.223041
417.977039
417.875962
417.832394
417.801417
417.960972
417.839742
418.036063
417.967817
417.853804
417.816213
413.576027
413.474307
413.431364
413.400310
413.559559
413.438440
413.635661
413.567310
413.452178
413.414813
409.180431
409.078066
409.035747
409.004615
409.163560
409.042551
409.240673
409.172215
409.055966
409.018825
404.790235
404.687226
404.645531
404.614320
404.772963
404.652061
404.851085
404.782521
404.665155
404.628236
400.405427
400.301773
400.260701
400.229411
400.387754
400.266957
400.466884
400.398212
400.279731
400.243035
396.025993
395.921694
395.881244
395.849875
396.007920
395.887226
396.088057
396.019276
395.899681
395.863206
391.651921
391.546977
391.507148
391.475698
391.633448
391.512854
391.714591
391.645701
391.524991
391.488738
387.283197
387.177607
387.138399
387.106869
387.264325
387.143828
387.346472
387.277472
387.155650
387.119617
382.919809
382.813571
382.774984
382.743373
382.900538
382.780136
382.983688
382.914578
382.791643
382.755829
378.561742
378.454858
378.416891
378.385197
378.542073
378.421764
378.626225
378.557004
378.432957
378.397363
374.208985
374.101453
374.064106
374.032330
374.188918
374.068700
374.274071
374.204737
374.079580
374.044204
369.861524
369.753344
369.716616
369.684757
369.841060
369.720930
369.927212
369.857766
369.731499
369.696341
365.519347
365.410518
365.374409
365.342466
365.498486
365.378442
365.585636
365.516077
365.388701
365.353760
361.182440
361.072962
361.037471
361.005444
361.161183
361.041222
361.249330
361.179657
361.051173
361.016448
356.850792
356.740664
356.705790
356.673678
356.829139
356.709259
356.918282
356.848494
356.718903
356.684393
352.524388
352.413610
352.379354
352.347156
352.502340
352.382538
352.592477
352.522574
352.391876
352.357581
348.203217
348.091788
348.058148
348.025865
348.180774
348.061049
348.271905
348.201885
348.070082
348.036001
343.887266
343.775186
343.742162
343.709792
343.864429
343.744777
343.956551
343.886415
343.753507
343.719640
339.576521
339.463790
339.431382
339.398924
339.553291
339.433711
339.646404
339.576151
339.442138
339.408484
335.270972
335.157588
335.125796
335.093250
335.247348
335.127838
335.341451
335.271080
335.135963
335.102522
330.970605
330.856568
330.825390
330.792757
330.946588
330.827144
331.041680
330.971190
330.834970
330.801741
326.675408
326.560718
326.530154
326.497431
326.650998
326.531619
326.747078
326.676468
326.539146
326.506128
322.385367
322.270023
322.240074
322.207262
322.360566
322.241249
322.457632
322.386903
322.248479
322.215671
318.100472
317.984474
317.955138
317.922235
318.075279
317.956023
318.173330
318.102481
317.962956
317.930358
313.820710
313.704056
313.675334
313.642340
313.795125
313.675927
313.894161
313.823190
313.682565
313.650176
309.546068
309.428759
309.400649
309.367564
309.520092
309.400950
309.620111
309.549018
309.407294
309.375114
305.276534
305.158568
305.131071
305.097894
305.250168
305.131079
305.351168
305.279953
305.137130
305.105158
301.012096
300.893473
300.866588
300.833319
300.985340
300.866302
301.087321
301.015982
300.872061
300.840297
296.752742
296.633462
296.607188
296.573826
296.725596
296.606607
296.828557
296.757094
296.612076
296.580518
292.498459
292.378521
292.352859
292.319403
292.470924
292.351981
292.574864
292.503277
292.357161
292.325810
288.249236
288.128640
288.103588
288.070038
288.221313
288.102414
288.326230
288.254518
288.107306
288.076161
284.005061
283.883805
283.859364
283.825720
283.976749
283.857892
284.082643
284.010805
283.862497
283.831557
279.765922
279.644006
279.620175
279.586435
279.737221
279.618405
279.844090
279.772126
279.622723
279.591988
275.531806
275.409230
275.386009
275.352173
275.502718
275.383939
275.610561
275.538470
275.387973
275.357442
271.302702
271.179465
271.156853
271.122921
271.273226
271.154483
271.382043
271.309824
271.158233
271.127906
267.078598
266.954699
266.932697
266.898667
267.048735
266.930025
267.158524
267.086177
266.933493
266.903369
262.859482
262.734921
262.713527
262.679400
262.829233
262.710553
262.939993
262.867517
262.713740
262.683818
258.645343
258.520118
258.499334
258.465108
258.614707
258.496056
258.726438
258.653832
258.498963
258.469243
254.436168
254.310280
254.290104
254.255779
254.405147
254.286522
254.517846
254.445110
254.289150
254.259632
250.231947
250.105394
250.085826
250.051402
250.200539
250.081939
250.314207
250.241340
250.084289
250.054972
246.032666
245.905449
245.886488
245.851965
246.000874
245.882296
246.115509
246.042511
245.884368
245.855252
241.838316
241.710433
241.692079
241.657455
241.806138
241.687580
241.921740
241.848609
241.689377
241.660461
237.648884
237.520335
237.502588
237.467863
237.616321
237.497781
237.732888
237.659625
237.499303
237.470586
233.464358
233.335142
233.318003
233.283176
233.431412
233.312887
233.548942
233.475546
233.314136
233.285617
229.284728
229.154844
229.138311
229.103382
229.251397
229.132886
229.369891
229.296361
229.133862
229.105543
225.109982
224.979430
224.963503
224.928471
225.076267
224.957767
225.195723
225.122059
224.958472
224.930350
220.940108
220.808887
220.793566
220.758431
220.906010
220.787518
221.026427
220.952627
220.787953
220.760029
216.775095
216.643204
216.628489
216.593250
216.740614
216.622129
216.861991
216.788056
216.622295
216.594568
212.614932
212.482371
212.468262
212.432917
212.580068
212.461588
212.702405
212.628333
212.461485
212.433955
208.459607
208.326375
208.312871
208.277422
208.424360
208.305883
208.547656
208.473447
208.305514
208.278179
204.309110
204.175206
204.162307
204.126752
204.273480
204.155004
204.397733
204.323387
204.154368
204.127230
200.163428
200.028852
200.016558
199.980897
200.127417
200.008939
200.252626
200.178142
200.008038
199.981095
196.022552
195.887302
195.875613
195.839845
195.986159
195.867677
196.112324
196.037701
195.866512
195.839763
191.886469
191.750545
191.739461
191.703585
191.849694
191.731206
191.976814
191.902052
191.729779
191.703225
187.755169
187.618570
187.608091
187.572107
187.718013
187.599517
187.846086
187.771184
187.597828
187.571467
183.628640
183.491367
183.481491
183.445399
183.591103
183.472597
183.720130
183.645087
183.470647
183.444480
179.506872
179.368923
179.359651
179.323450
179.468955
179.350437
179.598933
179.523750
179.348227
179.322252
175.389854
175.251228
175.242560
175.206249
175.351556
175.233023
175.482485
175.407160
175.230555
175.204773
171.277575
171.138271
171.130207
171.093785
171.238896
171.120347
171.370776
171.295308
171.117621
171.092031
167.170023
167.030041
167.022580
166.986048
167.130965
167.012397
167.263794
167.188183
167.009414
166.984016
163.067189
162.926527
162.919670
162.883026
163.027750
162.909162
163.161528
163.085774
162.905923
162.880717
158.969060
158.827719
158.821465
158.784709
158.929242
158.810631
159.063967
158.988069
158.807138
158.782122
154.875627
154.733605
154.727954
154.691085
154.835430
154.716794
154.971101
154.895059
154.713047
154.688222
150.786879
150.644175
150.639128
150.602145
150.746302
150.627639
150.882920
150.806732
150.623640
150.599005
146.702805
146.559419
146.554974
146.517878
146.661849
146.543157
146.799411
146.723078
146.538906
146.514461
142.623393
142.479325
142.475482
142.438272
142.582059
142.463336
142.720565
142.644086
142.458834
142.434578
138.548635
138.403883
138.400643
138.363318
138.506922
138.388166
138.646371
138.569745
138.383414
138.359347
134.478519
134.333082
134.330444
134.293004
134.436427
134.317636
134.576819
134.500045
134.312635
134.288757
130.413034
130.266911
130.264877
130.227320
130.370564
130.251735
130.511898
130.434976
130.246487
130.222797
126.352170
126.205361
126.203929
126.166255
126.309322
126.190454
126.451596
126.374526
126.184959
126.161457
122.295916
122.148421
122.147591
122.109800
122.252691
122.133781
122.395905
122.318685
122.128041
122.104726
118.244263
118.096080
118.095852
118.057943
118.200660
118.081707
118.344813
118.267444
118.075722
118.052594
114.197199
114.048328
114.048701
114.010674
114.153218
114.034220
114.298310
114.220791
114.027991
114.005050
110.154714
110.005154
110.006129
109.967983
110.110356
109.991311
110.256386
110.178715
109.984839
109.962084
106.116798
105.966548
105.968125
105.929860
106.072063
105.952968
106.219030
106.141208
105.946255
105.923686
102.083441
101.932500
101.934679
101.896293
102.038329
101.919183
102.186231
102.108258
101.912228
101.889845
98.054632
97.902999
97.905780
97.867274
98.009144
97.889943
98.157981
98.079855
97.882749
97.860551
94.030362
93.878036
93.881419
93.842791
93.984496
93.865240
94.134268
94.055988
93.857807
93.835794
90.010619
89.857599
89.861584
89.822834
89.964377
89.845063
90.115082
90.036649
89.837392
89.815564
85.995393
85.841680
85.846266
85.807394
85.948775
85.829402
86.100413
86.021826
85.821494
85.799849
81.984676
81.830267
81.835455
81.796460
81.937681
81.818246
82.090251
82.011509
81.810102
81.788642
77.978455
77.823351
77.829140
77.790021
77.931085
77.811586
78.084586
78.005689
77.803207
77.781930
73.976723
73.820921
73.827312
73.788069
73.928976
73.809412
74.083408
74.004355
73.800798
73.779705
69.979467
69.822968
69.829960
69.790593
69.931344
69.811713
70.086706
70.007497
69.802865
69.781955
65.986679
65.829481
65.837075
65.797582
65.938180
65.818479
66.094471
66.015105
65.809399
65.788672
61.998348
61.840451
61.848646
61.809028
61.949474
61.829701
62.106693
62.027169
61.820390
61.799844
58.014464
57.855867
57.864664
57.824919
57.965215
57.845368
58.123362
58.043680
57.835827
57.815463
54.035018
53.875720
53.885119
53.845246
53.985394
53.865471
54.144467
54.064627
53.855700
53.835518
50.060000
49.900000
49.910000
49.870000
50.010000
49.890000
50.170000
50.090000
49.880000
49.860000
