1499.940000
1499.990000
1499.990000
1499.900000
1499.960000
1499.990000
1500.070000
1500.030000
1500.000000
1499.950000
1500.030000
1499.970000
1499.980000
1500.060000
1499.920000
1500.040000
1499.990000
1500.110000
1499.980000
1499.990000
1500.070000
1500.000000
1499.970000
1499.950000
1499.930000
1500.140000
1499.920000
1499.990000
1499.900000
1500.090000
1406.183302
1406.288930
1406.469266
1406.726450
1407.219363
1407.898472
1408.822962
1409.925075
1411.264301
1412.795265
1414.498246
1416.102470
1417.548089
1418.663695
1419.171733
1419.232307
1418.641640
1417.625901
1416.119760
1414.488913
1412.866577
1411.268252
1409.880437
1408.743228
1407.866983
1407.324946
1406.752788
1406.468937
1406.245845
1406.256508
1319.614533
1319.785556
1320.132069
1320.688297
1321.587504
1322.857808
1324.570966
1326.719313
1329.328560
1332.321536
1335.559179
1338.707684
1341.501612
1343.610602
1344.695232
1344.728439
1343.608187
1341.552886
1338.727130
1335.563685
1332.367870
1329.333627
1326.687034
1324.517160
1322.840654
1321.653575
1320.713392
1320.133606
1319.764324
1319.652292
1239.204964
1239.440583
1239.937422
1240.755834
1242.029043
1243.839967
1246.286352
1249.403211
1253.200741
1257.567472
1262.268985
1266.882339
1270.966693
1274.037590
1275.660776
1275.680438
1274.043024
1271.003272
1266.901823
1262.279737
1257.600279
1253.206386
1249.380569
1246.249854
1243.830708
1242.072870
1240.777750
1239.940601
1239.430132
1239.225451
1164.130084
1164.425475
1165.056502
1166.106121
1167.719997
1170.025596
1173.152779
1177.172550
1182.090436
1187.763092
1193.873737
1199.898949
1205.236787
1209.249463
1211.391087
1211.403534
1209.257625
1205.264537
1199.917621
1193.887200
1187.788259
1182.096737
1177.157440
1173.128271
1170.021087
1167.750662
1166.124748
1165.060695
1164.420571
1164.141737
1093.720042
1094.068922
1094.818364
1096.071767
1097.993668
1100.751461
1104.510568
1109.376325
1115.357313
1122.282483
1129.760799
1137.163232
1143.733008
1148.677214
1151.327860
1151.336143
1148.685809
1143.755035
1137.180798
1129.775298
1122.303209
1115.364453
1109.367208
1104.494683
1100.750053
1098.016197
1096.087524
1094.823033
1094.066933
1093.726963
1027.423699
1027.819392
1028.672126
1030.104347
1032.302950
1035.473287
1039.818838
1045.480142
1052.475186
1060.610039
1069.425197
1078.183535
1085.975329
1091.848962
1095.006203
1095.011847
1091.856928
1085.993380
1078.199950
1069.439937
1060.628151
1052.483329
1045.475915
1039.809393
1035.474052
1032.320244
1030.117744
1028.676894
1027.818919
1027.427961
964.782345
965.218233
966.159906
967.747861
970.193343
973.738988
978.628514
985.039901
993.006313
1002.315975
1012.445571
1022.548495
1031.561375
1038.368966
1042.035279
1042.039063
1038.375793
1031.576496
1022.563827
1012.460183
1002.332555
993.015570
985.039790
978.624065
973.741360
970.207130
967.759360
966.164528
965.218490
964.785030
905.410209
905.879932
906.896989
908.619141
911.283187
915.168996
920.562627
927.682526
936.582553
947.038241
958.466556
969.910452
980.150578
987.902079
992.083589
992.085895
987.907495
980.163434
969.924816
958.480878
947.053956
936.592996
927.685996
920.562207
915.172602
911.294518
908.629134
906.901316
905.880451
905.411890
848.979813
849.477351
850.557033
852.393176
855.248906
859.441568
865.301650
873.091564
882.891319
894.468961
907.185604
919.972918
931.452156
940.162002
944.867669
944.868658
940.165830
931.463197
919.986450
907.199568
894.484234
882.902986
873.098261
865.304606
859.446134
855.258420
852.401983
850.560972
849.477836
848.980799
795.210807
795.730514
796.860827
798.791930
801.813813
806.281631
812.572385
820.996274
831.664903
844.344099
858.342949
872.480982
885.215868
894.902255
900.143332
900.143021
894.904345
885.225426
872.493829
858.356527
844.359206
831.677806
821.005981
812.578280
806.286939
801.821888
798.799825
796.864324
795.730762
795.211260
743.861347
744.397955
745.567640
747.575728
750.739482
755.452192
762.139431
771.163220
782.672260
796.435482
811.713859
827.213861
841.224820
851.909152
857.698798
857.697105
851.909344
841.233158
827.226175
811.727031
796.450606
782.686388
771.175830
762.147979
755.458049
750.746323
747.582949
745.570660
744.397814
743.861342
694.721346
695.269963
696.468459
698.536513
701.819021
706.747635
713.798521
723.389719
735.712588
750.544553
767.102570
783.979046
799.289787
810.996251
817.349256
817.346014
810.994358
799.297138
783.990984
767.115307
750.559820
735.727911
723.405214
713.809547
706.753861
701.824707
698.543287
696.470980
695.269308
694.720910
647.607150
648.163250
649.380662
651.492532
654.871762
659.988438
667.371273
677.498665
690.610262
706.497431
724.337481
742.607651
759.244699
771.999936
778.932517
778.927480
771.995733
759.251289
742.619378
724.349731
706.512934
690.626726
677.517109
667.384688
659.994849
654.876278
651.499090
649.382661
648.161968
647.606274
602.357269
602.916683
604.143751
606.284083
609.739019
615.016950
622.701006
633.334402
647.210788
664.140961
683.267306
702.950682
720.943006
734.775859
742.305501
742.298343
734.769075
720.949072
702.962375
683.278990
664.156774
647.228311
633.355933
622.716785
615.023351
609.742267
606.290674
604.145203
602.914665
602.355922
558.828949
559.387853
560.615923
562.770087
566.280673
571.693991
579.649363
590.759399
605.377540
623.339523
643.757968
664.876009
684.254729
699.196045
707.341386
707.331693
699.186358
684.260534
664.887859
643.768969
623.355715
605.396003
590.784227
579.667539
571.700172
566.282483
562.776995
560.616791
559.384988
558.827080
516.895368
517.450276
518.671275
520.825303
524.372393
529.896090
538.093572
549.651543
564.989103
583.972431
605.690061
628.265901
649.064042
665.146526
673.927262
673.914521
665.133559
649.069892
628.278118
605.700214
583.989080
565.008342
549.679953
538.114223
529.901822
524.372522
520.832865
518.671510
517.446447
516.892912
476.443352
476.991101
478.197520
480.338039
483.903361
489.513224
497.924201
509.901921
525.937098
545.931798
568.956767
593.014989
615.267289
632.525382
641.962198
641.945784
632.508699
615.273544
593.027806
568.965854
545.949001
525.956895
509.934277
497.947446
489.518251
483.901490
480.346661
478.197049
476.986184
476.440226
437.371469
437.909216
439.094090
441.208264
444.774391
450.446939
459.043295
471.412988
488.124381
509.120769
533.462129
559.028579
582.771320
601.241119
611.355629
611.334786
601.220219
582.778410
559.042254
533.469867
509.138656
488.144447
471.449742
459.069292
450.450979
444.770118
441.218441
439.092813
437.903078
437.367576
399.588459
400.113667
401.270569
403.346038
406.896363
412.608802
421.362839
434.097044
451.463549
473.452045
499.119615
526.221245
551.492116
571.211307
582.026011
581.999832
571.185620
551.500555
526.236066
499.125639
473.470795
451.483507
434.138744
421.391780
412.611543
406.889192
403.358372
401.268344
400.106171
399.583684
363.011911
363.522345
364.645371
366.670186
370.188917
375.919097
384.803463
397.874950
415.875679
438.846648
465.850904
494.515642
521.353617
542.361435
553.899681
553.867085
542.330317
521.364020
494.531932
465.854760
438.866507
415.895045
397.922255
384.835572
375.920194
370.178243
366.685418
364.642009
363.513344
363.006119
327.567144
328.060863
329.144633
331.107196
334.579345
340.305723
349.293350
362.675057
381.289277
405.232877
433.584872
463.841509
492.286744
514.623942
526.909901
526.869603
514.586672
492.299842
463.859630
433.585995
405.254178
381.307438
362.728753
349.328879
340.304799
334.564439
331.126224
329.139881
328.050208
327.560182
293.186272
293.661620
294.701279
296.590270
300.001661
305.703271
314.767314
328.432290
347.639383
372.545420
402.256728
434.134814
464.228550
487.937392
500.996032
500.946516
487.893166
464.245212
434.155172
402.254422
372.568606
347.655564
328.493306
314.806544
305.699917
299.981647
296.614189
294.694805
293.649160
293.177961
259.807392
260.262990
261.254215
263.058524
266.395802
272.052229
281.166016
295.087367
314.866803
340.724594
371.807269
405.337035
437.121514
462.245773
476.102839
476.042318
462.193697
437.142762
405.360083
371.800685
340.750252
314.880041
295.156803
281.209247
272.046005
266.369637
263.088656
261.245588
260.248578
259.797525
227.373898
227.808639
228.747650
230.456300
233.706952
239.298303
248.435287
262.586138
282.917465
309.715699
342.182253
377.394529
410.912911
437.497882
452.179887
452.106266
437.436974
410.939945
377.420777
342.170363
309.744589
282.926567
262.665286
248.482837
239.288742
233.673391
230.494236
228.736319
227.792138
227.362238
195.833893
196.246927
197.130507
198.732569
201.884951
207.391839
216.525547
230.879003
251.741852
279.468455
313.331857
350.258001
385.554286
413.646811
429.181020
429.091849
413.575994
385.588508
350.288015
313.313419
279.501551
251.745353
230.969381
216.577746
207.378451
201.842521
198.780216
197.115770
196.228220
195.820164
165.139671
165.530399
166.355917
167.840420
170.883796
176.287316
185.391312
199.920420
221.294524
249.936510
285.210198
323.882033
361.000991
390.649491
407.063912
406.956336
390.567589
361.044023
323.916449
285.183725
249.975051
221.290636
200.023808
185.448490
176.269596
170.830752
167.900054
166.336894
165.509396
165.123554
135.247278
135.615336
136.380780
137.736610
140.661199
145.942912
154.990749
169.668470
191.533700
221.077023
257.774935
298.224686
337.211775
368.466298
385.789675
385.660377
368.372035
337.265496
298.264213
257.738650
221.122562
191.520253
169.786949
155.053228
145.920349
140.595485
137.810937
136.356373
135.591989
135.228404
106.116122
106.461370
107.165388
108.381181
111.178212
116.320122
125.285305
140.084483
162.420892
192.850288
230.986906
273.247142
314.148437
347.060709
365.322519
365.167654
346.952709
314.215003
273.292574
230.938698
192.904756
162.395270
140.220481
125.353384
116.292212
111.097406
108.473403
107.134239
106.435688
106.094064
77.708641
78.031141
78.673089
79.737107
82.398889
87.383426
96.239372
111.132703
133.920593
165.219406
204.809823
248.913400
291.775513
326.399004
345.629447
345.444574
326.275791
291.857391
248.965621
204.747193
165.285184
133.879656
111.289054
96.313312
87.349689
82.300150
79.851000
78.633531
78.003208
77.682901
49.990000
50.290000
50.870000
51.770000
54.290000
59.100000
67.820000
82.780000
106.000000
138.150000
179.210000
225.190000
270.060000
306.450000
326.680000
326.460000
306.310000
270.160000
225.250000
179.130000
138.230000
105.940000
82.960000
67.900000
59.060000
54.170000
51.910000
50.820000
50.260000
49.960000
