1406.61
1406.84
1407.24
1407.79
1408.78
1410.24
1412.05
1414.42
1417.49
1420.76
1424.32
1427.93
1431.01
1433.33
1434.65
1434.6
1433.24
1430.91
1427.83
1424.38
1420.8
1417.38
1414.59
1412.22
1410.28
1408.91
1408
1407.23
1406.83
1406.72
1320.45
1320.82
1321.57
1322.75
1324.63
1327.34
1330.91
1335.52
1341.24
1347.66
1354.56
1361.41
1367.39
1371.88
1374.33
1374.3
1371.81
1367.31
1361.34
1354.59
1347.68
1341.19
1335.64
1331.04
1327.41
1324.75
1322.9
1321.59
1320.83
1320.51
1240.39
1240.9
1241.96
1243.71
1246.4
1250.26
1255.44
1262.13
1270.35
1279.72
1289.79
1299.74
1308.5
1315.07
1318.61
1318.59
1315.01
1308.43
1299.69
1289.8
1279.74
1270.34
1262.22
1255.55
1250.34
1246.51
1243.83
1242
1240.91
1240.43
1165.62
1166.25
1167.6
1169.84
1173.27
1178.19
1184.85
1193.47
1204.07
1216.25
1229.34
1242.3
1253.75
1262.34
1266.97
1266.95
1262.29
1253.69
1242.26
1229.35
1216.26
1204.08
1193.55
1184.95
1178.27
1173.37
1169.94
1167.64
1166.27
1165.64
1095.46
1096.2
1097.8
1100.48
1104.57
1110.47
1118.49
1128.93
1141.8
1156.66
1172.69
1188.58
1202.67
1213.27
1218.97
1218.95
1213.23
1202.63
1188.55
1172.69
1156.67
1141.81
1129
1118.58
1110.54
1104.66
1100.56
1097.84
1096.22
1095.47
1029.36
1030.21
1032.03
1035.08
1039.78
1046.56
1055.85
1068
1083.03
1100.48
1119.38
1138.17
1154.88
1167.46
1174.24
1174.23
1167.43
1154.84
1138.15
1119.38
1100.49
1083.05
1068.06
1055.93
1046.63
1039.86
1035.16
1032.07
1030.23
1029.38
966.883
967.809
969.818
973.209
978.435
986.023
996.493
1010.25
1027.35
1047.32
1069.04
1090.71
1110.03
1124.61
1132.48
1132.47
1124.59
1110
1090.69
1069.04
1047.33
1027.37
1010.3
996.565
986.097
978.513
973.278
969.857
967.83
966.893
907.631
908.628
910.796
914.475
920.172
928.492
940.049
955.322
974.425
996.854
1021.36
1045.89
1067.84
1084.45
1093.41
1093.4
1084.42
1067.81
1045.87
1021.35
996.861
974.446
955.372
940.116
928.563
920.246
914.539
910.834
908.647
907.639
851.284
852.339
854.639
858.563
864.673
873.654
886.216
902.926
923.955
948.789
976.052
1003.46
1028.06
1046.72
1056.8
1056.8
1046.7
1028.04
1003.45
976.048
948.796
923.975
902.972
886.278
873.722
864.743
858.622
854.675
852.357
851.292
797.566
798.665
801.073
805.2
811.667
821.241
834.731
852.802
875.691
902.888
932.898
963.198
990.485
1011.24
1022.47
1022.46
1011.22
990.469
963.186
932.892
902.893
875.711
852.844
834.79
821.308
811.735
805.256
801.106
798.682
797.572
746.237
747.37
749.86
754.153
760.925
771.027
785.371
804.729
829.419
858.94
891.691
924.907
954.925
977.811
990.217
990.212
977.799
954.913
924.897
891.685
858.944
829.438
804.769
785.427
771.092
760.992
754.206
749.89
747.385
746.242
697.092
698.247
700.796
705.218
712.246
722.813
737.941
758.516
784.951
816.764
852.256
888.418
921.219
946.292
959.905
959.901
946.283
921.21
888.41
852.249
816.766
784.967
758.554
737.994
722.877
712.312
705.269
700.824
698.259
697.095
649.948
651.116
653.703
658.22
665.455
676.428
692.271
713.998
742.122
776.2
814.438
853.583
889.224
916.54
931.395
931.392
916.533
889.217
853.577
814.43
776.2
742.137
714.034
692.323
676.491
665.521
658.268
653.727
651.126
649.95
604.648
605.819
608.423
613.002
620.399
631.721
648.214
671.027
700.79
737.106
778.099
820.269
858.812
888.433
904.568
904.565
888.427
858.808
820.265
778.09
737.105
700.803
671.061
648.264
631.782
620.465
613.049
608.444
605.825
604.648
561.05
562.215
564.818
569.428
576.944
588.558
605.638
629.474
660.826
699.359
743.119
788.359
829.87
861.862
879.316
879.314
861.857
829.869
788.357
743.107
699.355
660.838
629.506
605.686
588.62
577.012
569.474
564.835
562.219
561.048
519.031
520.181
522.765
527.378
534.97
546.823
564.428
589.225
622.118
662.846
709.388
757.747
802.298
836.729
855.546
855.545
836.726
802.3
757.748
709.374
662.841
622.127
589.256
564.475
546.885
535.041
527.422
522.779
520.182
519.027
478.479
479.607
482.155
486.743
494.371
506.412
524.481
550.178
584.565
627.468
676.809
728.34
776.006
812.948
833.173
833.172
812.946
776.01
728.343
676.791
627.461
584.572
550.209
524.526
506.474
494.445
486.786
482.165
479.605
478.473
439.295
440.394
442.89
447.426
455.053
467.231
485.705
512.242
548.076
593.136
645.294
700.052
750.911
790.441
812.119
812.118
790.44
750.918
700.058
645.273
593.126
548.081
512.272
485.748
467.294
455.132
447.468
442.896
440.388
439.286
401.389
402.452
404.882
409.342
416.93
429.196
448.016
475.336
512.569
559.769
614.764
672.805
726.939
769.136
792.316
792.316
769.136
726.95
672.815
614.738
559.757
512.571
475.365
448.059
429.26
417.014
409.384
404.883
402.443
401.378
364.682
365.702
368.052
372.412
379.926
392.233
411.342
439.385
477.972
527.293
585.146
646.53
704.024
748.97
773.702
773.702
748.969
704.038
646.544
585.115
527.279
477.971
439.414
411.383
392.297
380.017
372.453
368.048
365.69
364.667
329.099
330.071
332.328
336.566
343.972
356.274
375.616
404.322
444.216
495.643
556.375
621.163
682.104
729.884
756.221
756.221
729.883
682.122
621.182
556.337
495.626
444.213
404.352
375.655
356.338
344.072
336.606
332.319
330.055
329.08
294.575
295.493
297.646
301.74
309.005
321.256
340.775
370.088
411.243
464.756
528.392
596.645
661.125
711.825
739.82
739.821
711.824
661.146
596.67
528.345
464.737
411.236
370.119
340.812
321.321
309.114
301.779
297.63
295.473
294.55
261.048
261.907
263.945
267.875
274.968
287.126
306.767
336.628
378.995
434.578
501.14
572.923
641.034
694.745
724.454
724.455
694.743
641.059
572.955
501.084
434.558
378.984
336.659
306.801
287.191
275.089
267.913
263.922
261.884
261.018
228.464
229.259
231.172
234.92
241.809
253.831
273.54
303.89
347.423
405.059
474.57
549.947
621.785
678.6
710.08
710.082
678.596
621.815
549.988
474.501
405.038
347.408
303.924
273.571
253.896
241.945
234.956
231.14
229.233
228.427
196.772
197.498
199.277
202.824
209.482
221.326
241.048
271.83
316.479
376.15
448.634
527.671
603.335
663.349
696.659
696.661
663.343
603.369
527.723
448.552
376.129
316.46
271.867
241.077
221.389
209.633
202.859
199.236
197.469
196.726
165.925
166.578
168.215
171.544
177.941
189.568
209.251
240.406
286.122
347.809
423.291
506.053
585.644
648.955
684.155
684.158
648.946
585.683
506.119
423.191
347.789
286.097
240.447
209.275
189.63
178.113
171.576
168.163
166.547
165.869
135.881
136.456
137.943
141.039
147.148
158.519
178.109
209.579
256.312
319.997
398.5
485.055
568.676
635.383
672.536
672.541
635.371
568.721
485.136
398.379
319.978
256.28
209.625
178.129
158.577
147.343
141.067
137.879
136.423
135.812
106.599
107.093
108.423
111.271
117.066
128.142
147.588
179.314
227.012
292.675
374.223
464.639
552.397
622.603
661.772
661.778
622.586
552.446
464.739
374.078
292.66
226.972
179.366
147.602
128.197
117.287
111.295
108.346
107.06
106.516
78.0433
78.4526
79.62
82.2057
87.6601
98.4062
117.655
149.577
198.188
265.81
350.427
444.771
536.775
610.584
651.835
651.843
610.561
536.829
444.894
350.252
265.802
198.139
149.637
117.663
98.4544
87.9134
82.2232
79.5272
78.42
77.9436
