1500.050000
1500.090000
1499.880000
1499.850000
1500.150000
1499.930000
1499.960000
1499.890000
1500.060000
1499.940000
1476.273999
1476.310863
1476.105179
1476.075521
1476.370734
1476.154568
1476.187235
1476.117964
1476.281003
1476.163716
1452.655462
1452.689230
1452.487788
1452.458453
1452.749003
1452.536561
1452.571917
1452.503333
1452.659514
1452.544866
1429.192320
1429.223029
1429.025755
1428.996725
1429.282734
1429.073909
1429.111975
1429.044036
1429.193459
1429.081378
1405.882540
1405.910226
1405.717051
1405.688307
1405.969893
1405.764581
1405.805376
1405.738045
1405.880805
1405.771222
1382.724131
1382.748829
1382.559684
1382.531210
1382.808485
1382.606585
1382.650131
1382.583369
1382.719559
1382.612408
1359.715140
1359.736883
1359.551703
1359.523481
1359.796557
1359.597971
1359.644287
1359.578057
1359.707767
1359.602982
1336.853652
1336.872470
1336.691193
1336.663207
1336.932190
1336.736821
1336.785927
1336.720194
1336.843510
1336.741029
1314.137789
1314.153712
1313.976275
1313.948508
1314.213504
1314.021260
1314.073174
1314.007903
1314.124908
1314.024672
1291.565706
1291.578762
1291.405107
1291.377544
1291.638653
1291.449442
1291.504184
1291.439343
1291.550117
1291.452068
1269.135597
1269.145813
1268.975882
1268.948507
1269.205827
1269.019562
1269.077149
1269.012705
1269.117327
1269.021409
1246.845685
1246.853086
1246.686825
1246.659623
1246.913251
1246.729844
1246.790296
1246.726217
1246.824762
1246.730921
1224.694232
1224.698841
1224.536196
1224.509152
1224.759180
1224.578548
1224.641882
1224.578139
1224.670678
1224.578862
1202.679526
1202.681367
1202.522286
1202.495385
1202.741905
1202.563964
1202.630200
1202.566762
1202.653366
1202.563525
1180.799890
1180.798985
1180.643418
1180.616646
1180.859745
1180.684416
1180.753570
1180.690410
1180.771147
1180.683231
1159.053678
1159.050046
1158.897946
1158.871289
1159.111053
1158.938257
1159.010347
1158.947437
1159.022371
1158.936334
1137.439273
1137.432933
1137.284253
1137.257697
1137.494209
1137.323870
1137.398914
1137.336227
1137.405421
1137.321218
1115.955086
1115.946057
1115.800752
1115.774283
1116.007625
1115.839668
1115.917683
1115.855192
1115.918708
1115.836295
1094.599559
1094.587857
1094.445883
1094.419488
1094.649739
1094.484091
1094.565095
1094.502775
1094.560671
1094.480006
1073.371159
1073.356800
1073.218117
1073.191783
1073.419019
1073.255609
1073.339618
1073.277445
1073.329778
1073.250819
1052.268384
1052.251383
1052.115949
1052.089663
1052.313959
1052.152717
1052.239749
1052.177698
1052.224523
1052.147232
1031.289754
1031.270125
1031.137901
1031.111650
1031.333080
1031.173938
1031.264010
1031.202058
1031.243427
1031.167766
1010.433819
1010.411574
1010.282523
1010.256295
1010.474930
1010.317820
1010.410949
1010.349074
1010.385038
1010.310969
989.699152
989.674303
989.548388
989.522171
989.738080
989.582937
989.679140
989.617320
989.647928
989.575416
969.084351
969.056910
968.934096
968.907877
969.121128
968.967888
969.067182
969.005394
969.030695
968.959706
948.588038
948.558015
948.438268
948.412036
948.622694
948.471295
948.573696
948.511921
948.531959
948.462460
928.208860
928.176264
928.059551
928.033294
928.241425
928.091804
928.197330
928.135546
928.150366
928.082325
907.945486
907.910325
907.796616
907.770322
907.975987
907.828085
907.936752
907.874940
907.884585
907.817970
887.796607
887.758890
887.648153
887.621810
887.825072
887.678830
887.790655
887.728795
887.733306
887.668087
867.760938
867.720670
867.612877
867.586475
867.787392
867.642752
867.757752
867.695825
867.695242
867.631391
847.837213
847.794402
847.689523
847.663050
847.861682
847.718587
847.836778
847.774766
847.769127
847.706616
828.024189
827.978839
827.876849
827.850294
828.046697
827.905091
828.026491
827.964375
827.953717
827.892519
808.320643
808.272760
808.173631
808.146983
808.341213
808.201042
808.325667
808.263430
808.247789
808.187878
788.725372
788.674959
788.578667
788.551915
788.744027
788.605237
788.733103
788.670729
788.650138
788.591489
769.237193
769.184254
769.090774
769.063908
769.253954
769.116492
769.247617
769.185088
769.159582
769.102169
749.854942
749.799479
749.708788
749.681797
749.869830
749.733644
749.868045
749.805345
749.774954
749.718756
730.577474
730.519490
730.431566
730.404439
730.590509
730.455549
730.593242
730.530355
730.495111
730.440103
711.403663
711.343159
711.257979
711.230707
711.414864
711.281079
711.422082
711.358991
711.318923
711.265085
692.332400
692.269376
692.186921
692.159493
692.341785
692.209126
692.353455
692.290147
692.245284
692.192593
673.362594
673.297052
673.217301
673.189706
673.370181
673.238600
673.386273
673.322731
673.273100
673.221537
654.493172
654.425111
654.348046
654.320274
654.498979
654.368428
654.519461
654.455672
654.401298
654.350843
635.723078
635.652496
635.578099
635.550140
635.727120
635.597552
635.751964
635.687911
635.628822
635.579455
617.051272
616.978168
616.906421
616.878265
617.053565
616.924934
617.082740
617.018411
616.954630
616.906333
598.476729
598.401102
598.331988
598.303625
598.477288
598.349549
598.510767
598.446148
598.377698
598.330454
579.998443
579.920290
579.853793
579.825213
579.997282
579.870390
580.035038
579.970115
579.897018
579.850809
561.615421
561.534739
561.470844
561.442038
561.612554
561.486465
561.654560
561.589319
561.511598
561.466408
543.326686
543.243471
543.182164
543.153121
543.322127
543.196797
543.368356
543.302784
543.220460
543.176272
525.131276
525.045525
524.986791
524.957503
525.125037
525.000423
525.175464
525.109550
525.022642
524.979441
507.028244
506.939953
506.883779
506.854235
507.020338
506.896398
507.074939
507.008668
506.917195
506.874967
489.016657
488.925821
488.872195
488.842385
489.007095
488.883788
489.065845
488.999206
488.903187
488.861917
471.095597
471.002209
470.951119
470.921034
471.084389
470.961673
471.147266
471.080246
470.979698
470.939372
453.264158
453.168213
453.119648
453.089278
453.251315
453.129150
453.318295
453.250884
453.145822
453.106427
435.521448
435.422941
435.376889
435.346225
435.506980
435.385326
435.578042
435.510226
435.400668
435.362191
417.866589
417.765513
417.721965
417.690997
417.850507
417.729323
417.925629
417.857396
417.743358
417.705786
400.298716
400.195064
400.154009
400.122729
400.281028
400.160277
400.360189
400.291529
400.173024
400.136345
382.816977
382.710740
382.672171
382.640569
382.797691
382.677333
382.880870
382.811772
382.688814
382.653018
365.420530
365.311702
365.275610
365.243675
365.399656
365.279653
365.486833
365.417286
365.289888
365.254963
348.108549
347.997121
347.963498
347.931222
348.086093
347.966408
348.177250
348.107242
347.975417
347.941352
330.880217
330.766181
330.735019
330.702393
330.856187
330.736782
330.951304
330.880825
330.744585
330.711370
313.734729
313.618077
313.589369
313.556383
313.709133
313.589971
313.808192
313.737232
313.596588
313.564213
296.671295
296.552016
296.525756
296.492401
296.644138
296.525183
296.747121
296.675669
296.530632
296.499088
279.689131
279.567217
279.543399
279.509666
279.660421
279.541636
279.767311
279.695356
279.545937
279.515214
262.787469
262.662909
262.641527
262.607407
262.757210
262.638561
262.867990
262.795523
262.641730
262.611820
245.965548
245.838333
245.819382
245.784865
245.933747
245.815197
246.048400
245.975410
245.817254
245.788148
229.222621
229.092739
229.076216
229.041292
229.189282
229.070797
229.307793
229.234270
229.071758
229.043448
212.557949
212.425389
212.411289
212.375950
212.523077
212.404622
212.645429
212.571365
212.404505
212.376983
195.970803
195.835555
195.823874
195.788111
195.934404
195.815944
196.060583
195.985966
195.814766
195.788026
179.460468
179.322519
179.313255
179.277058
179.422544
179.304046
179.552535
179.477357
179.301824
179.275857
163.026234
162.885574
162.878723
162.842082
162.986791
162.868219
163.120579
163.044830
162.864971
162.839771
146.667404
146.524020
146.519580
146.482487
146.626444
146.507767
146.764016
146.687687
146.503507
146.479068
130.383290
130.237169
130.235138
130.197584
130.340817
130.222001
130.482158
130.405240
130.216745
130.193060
114.173212
114.024341
114.024719
113.986694
114.129228
114.010240
114.274326
114.196810
114.004006
113.981068
98.036500
97.884867
97.887651
97.849146
97.991009
97.871816
98.139851
98.061727
97.864618
97.842422
81.972494
81.818086
81.823275
81.784281
81.925498
81.806068
82.078071
81.999331
81.797921
81.776462
65.980542
65.823345
65.830939
65.791447
65.932043
65.812344
66.088335
66.008969
65.803263
65.782536
50.060000
49.900000
49.910000
49.870000
50.010000
49.890000
50.170000
50.090000
49.880000
49.860000
