1499.890000
1500.030000
1500.060000
1499.940000
1500.140000
1500.050000
1499.810000
1499.900000
1499.970000
1499.990000
1298.213451
1298.437261
1299.038082
1300.622940
1302.917206
1302.852405
1300.529898
1298.902059
1298.370777
1298.281787
1114.865018
1115.163241
1116.270284
1119.410763
1123.673142
1123.629127
1119.351627
1116.153702
1115.089498
1114.910252
946.789579
947.147830
948.697366
953.279865
959.441834
959.415591
953.252554
948.596842
947.066092
946.817321
791.637235
792.038825
793.969214
799.904593
807.936456
807.925846
799.907741
793.882133
791.948348
791.651302
647.561830
647.989277
650.241314
657.457604
667.356827
667.360283
657.490379
650.165593
647.889291
647.564914
513.086604
513.522492
516.039386
524.476877
536.260580
536.276911
524.538855
515.973321
513.412196
513.080667
387.011826
387.439289
390.166497
399.774335
413.474282
413.502555
399.865410
390.108654
387.317858
386.998347
268.349583
268.752589
271.637588
282.371371
298.030537
298.069995
282.491686
271.586736
268.619174
268.329716
156.276691
156.640190
159.632257
171.452286
189.122449
189.172455
171.602189
159.587315
156.493924
156.251367
50.100000
50.410000
53.460000
66.330000
86.070000
86.130000
66.510000
53.420000
50.250000
50.070000
