1500.080000
1499.980000
1499.960000
1500.130000
1500.070000
1499.910000
1499.990000
1500.110000
1499.880000
1499.960000
1494.125605
1494.045453
1494.169870
1494.863217
1495.545181
1495.385935
1494.723644
1494.318422
1493.945004
1494.005504
1488.181118
1488.120779
1488.389369
1489.605198
1491.027896
1490.869401
1489.466049
1488.536480
1488.019881
1488.060916
1482.246507
1482.205944
1482.618464
1484.355911
1486.518126
1486.360378
1484.217184
1482.764140
1482.104596
1482.126201
1476.321740
1476.300915
1476.857121
1479.115327
1482.015851
1481.858847
1478.977019
1477.001368
1476.199116
1476.201328
1470.406782
1470.405659
1471.105304
1473.883415
1477.521052
1477.364787
1473.745523
1471.248128
1470.303407
1470.286264
1464.501602
1464.520142
1465.362980
1468.660144
1473.033708
1472.878180
1468.522667
1465.504387
1464.417438
1464.380976
1458.606167
1458.644331
1459.630115
1463.445486
1468.553800
1468.399005
1463.308420
1459.770110
1458.541173
1458.485431
1452.720446
1452.778194
1453.906675
1458.239409
1464.081309
1463.927243
1458.102752
1454.045265
1452.674582
1452.599597
1446.844405
1446.921698
1448.192626
1453.041885
1459.616215
1459.462875
1452.905635
1448.329817
1446.817631
1446.723443
1440.978013
1441.074810
1442.487936
1447.852883
1455.158499
1455.005882
1447.717038
1442.623733
1440.970287
1440.856936
1435.121238
1435.237498
1436.792571
1442.672375
1450.708141
1450.556243
1442.536931
1436.926980
1435.132519
1435.000045
1429.274049
1429.409731
1431.106497
1437.500331
1446.265123
1446.113941
1437.365287
1431.239525
1429.304294
1429.152738
1423.436414
1423.591475
1425.429683
1432.336722
1441.829425
1441.678955
1432.202075
1425.561335
1423.485580
1423.314984
1417.608302
1417.782699
1419.762096
1427.181519
1437.401027
1437.251267
1427.047266
1419.892376
1417.676345
1417.486751
1411.789682
1411.983372
1414.103703
1422.034693
1432.979912
1432.830858
1421.900833
1414.232618
1411.876558
1411.668007
1405.980522
1406.193462
1408.454471
1416.896216
1428.566060
1428.417709
1416.762746
1408.582027
1406.086187
1405.858724
1400.180792
1400.412937
1402.814369
1411.766059
1424.159452
1424.011800
1411.632977
1402.940570
1400.305201
1400.058868
1394.390461
1394.641766
1397.183364
1406.644194
1419.760070
1419.613114
1406.511498
1397.308217
1394.533569
1394.268410
1388.609499
1388.879919
1391.561426
1401.530592
1415.367894
1415.221632
1401.398280
1391.684935
1388.771259
1388.487319
1382.837875
1383.127364
1385.948521
1396.425226
1410.982907
1410.837334
1396.293295
1386.070693
1383.018241
1382.715565
1377.075559
1377.384071
1380.344619
1391.328067
1406.605089
1406.460203
1391.196515
1380.465459
1377.274484
1376.953117
1371.322521
1371.650009
1374.749688
1386.239088
1402.234421
1402.090220
1386.107913
1374.869201
1371.539957
1371.199946
1365.578731
1365.925147
1369.163698
1381.158262
1397.870887
1397.727365
1381.027461
1369.281888
1365.814630
1365.456021
1359.844159
1360.209456
1363.586616
1376.085560
1393.514466
1393.371622
1375.955132
1363.703490
1360.098473
1359.721313
1354.118775
1354.502905
1358.018413
1371.020955
1389.165141
1389.022972
1370.890898
1358.133976
1354.391455
1353.995792
1348.402551
1348.805464
1352.459058
1365.964420
1384.822893
1384.681396
1365.834731
1352.573314
1348.693547
1348.279428
1342.695456
1343.117103
1346.908519
1360.915929
1380.487705
1380.346877
1360.786606
1347.021475
1343.004718
1342.572193
1336.997461
1337.437794
1341.366768
1355.875453
1376.159558
1376.019396
1355.746494
1341.478427
1337.324940
1336.874056
1331.308537
1331.767505
1335.833772
1350.842966
1371.838434
1371.698935
1350.714369
1335.944141
1331.654182
1331.184989
1325.628656
1326.106207
1330.309504
1345.818442
1367.524316
1367.385476
1345.690205
1330.418586
1325.992415
1325.504963
1319.957788
1320.453873
1324.793931
1340.801853
1363.217184
1363.079001
1340.673975
1324.901733
1320.339609
1319.833949
1314.295904
1314.810471
1319.287026
1335.793174
1358.917022
1358.779493
1335.665652
1319.393551
1314.695737
1314.171918
1308.642977
1309.175974
1313.788757
1330.792379
1354.623812
1354.486934
1330.665210
1313.894012
1309.060768
1308.518842
1302.998978
1303.550352
1308.299097
1325.799440
1350.337535
1350.201306
1325.672624
1308.403085
1303.434674
1302.874692
1297.363878
1297.933577
1302.818015
1320.814332
1346.058175
1345.922591
1320.687866
1302.920741
1297.817426
1297.239441
1291.737650
1292.325621
1297.345482
1315.837029
1341.785713
1341.650772
1315.710911
1297.446952
1292.208996
1291.613059
1286.120265
1286.726454
1291.881469
1310.867506
1337.520132
1337.385831
1310.741734
1291.981687
1286.609355
1285.995520
1280.511696
1281.136048
1286.425948
1305.905736
1333.261414
1333.127751
1305.780309
1286.524919
1281.018475
1280.386794
1274.911914
1275.554376
1280.978889
1300.951694
1329.009543
1328.876515
1300.826609
1281.076618
1275.436328
1274.786856
1269.320892
1269.981409
1275.540264
1296.005355
1324.764501
1324.632105
1295.880611
1275.636755
1269.862886
1269.195675
1263.738603
1264.417120
1270.110046
1291.066693
1320.526270
1320.394503
1290.942288
1270.205303
1264.298120
1263.613227
1258.165020
1258.861481
1264.688204
1286.135683
1316.294834
1316.163693
1286.011615
1264.782233
1258.742004
1258.039482
1252.600114
1253.314463
1259.274712
1281.212301
1312.070175
1311.939658
1281.088567
1259.367517
1253.194509
1252.474414
1247.043860
1247.776040
1253.869541
1276.296521
1307.852275
1307.722380
1276.173121
1253.961127
1247.655608
1246.917995
1241.496229
1242.246185
1248.472663
1271.388318
1303.641119
1303.511843
1271.265249
1248.563034
1242.125275
1241.370199
1235.957196
1236.724869
1243.084051
1266.487668
1299.436689
1299.308029
1266.364929
1243.173212
1236.603480
1235.831000
1230.426733
1231.212067
1237.703677
1261.594546
1295.238968
1295.110922
1261.472135
1237.791632
1231.090199
1230.300369
1224.904814
1225.707751
1232.331514
1256.708928
1291.047940
1290.920505
1256.586843
1232.418267
1225.585402
1224.778281
1219.391412
1220.211893
1226.967534
1251.830789
1286.863587
1286.736761
1251.709029
1227.053089
1220.089065
1219.264709
1213.886502
1214.724469
1221.611710
1246.960106
1282.685893
1282.559673
1246.838669
1221.696073
1214.601159
1213.759627
1208.390056
1209.245450
1216.264015
1242.096853
1278.514841
1278.389224
1241.975737
1216.347189
1209.121659
1208.263008
1202.902049
1203.774811
1210.924422
1237.241008
1274.350415
1274.225399
1237.120212
1211.006412
1203.650538
1202.774827
1197.422455
1198.312524
1205.592904
1232.392547
1270.192597
1270.068181
1232.272068
1205.673714
1198.187770
1197.295057
1191.951247
1192.858565
1200.269436
1227.551444
1266.041372
1265.917552
1227.431281
1200.349070
1192.733328
1191.823673
1186.488401
1187.412907
1194.953989
1222.717678
1261.896724
1261.773498
1222.597830
1195.032452
1187.287186
1186.360648
1181.033891
1181.975523
1189.646538
1217.891224
1257.758635
1257.636000
1217.771688
1189.723833
1181.849319
1180.905958
1175.587690
1176.546389
1184.347057
1213.072059
1253.627089
1253.505044
1212.952835
1184.423189
1176.419701
1175.459577
1170.149774
1171.125478
1179.055519
1208.260160
1249.502071
1249.380613
1208.141245
1179.130492
1170.998305
1170.021479
1164.720117
1165.712765
1173.771898
1203.455503
1245.383564
1245.262690
1203.336896
1173.845716
1165.585107
1164.591640
1159.298695
1160.308224
1168.496169
1198.658066
1241.271551
1241.151260
1198.539765
1168.568836
1160.180081
1159.170033
1153.885481
1154.911830
1163.228306
1193.867825
1237.166018
1237.046306
1193.749829
1163.299826
1154.783201
1153.756634
1148.480452
1149.523558
1157.968283
1189.084758
1233.066947
1232.947813
1188.967065
1158.038660
1149.394442
1148.351418
1143.083582
1144.143382
1152.716075
1184.308841
1228.974323
1228.855765
1184.191451
1152.785312
1144.013780
1142.954361
1137.694847
1138.771278
1147.471655
1179.540053
1224.888130
1224.770145
1179.422963
1147.539758
1138.641189
1137.565437
1132.314222
1133.407221
1142.235000
1174.778370
1220.808352
1220.690938
1174.661579
1142.301971
1133.276644
1132.184622
1126.941683
1128.051186
1137.006083
1170.023771
1216.734974
1216.618128
1169.907276
1137.071927
1127.920121
1126.811891
1121.577205
1122.703148
1131.784881
1165.276232
1212.667979
1212.551700
1165.160033
1131.849601
1122.571595
1121.447220
1116.220764
1117.363082
1126.571367
1160.535732
1208.607352
1208.491637
1160.419827
1126.634968
1117.231041
1116.090586
1110.872336
1112.030965
1121.365517
1155.802248
1204.553077
1204.437925
1155.686637
1121.428002
1111.898435
1110.741963
1105.531897
1106.706772
1116.167307
1151.075759
1200.505139
1200.390547
1150.960439
1116.228680
1106.573752
1105.401327
1100.199423
1101.390479
1110.976712
1146.356242
1196.463523
1196.349488
1146.241212
1111.036976
1101.256969
1100.068656
1094.874889
1096.082062
1105.793707
1141.643676
1192.428212
1192.314734
1141.528935
1105.852867
1095.948061
1094.743924
1089.558274
1090.781496
1100.618269
1136.938039
1188.399192
1188.286267
1136.823585
1100.676328
1090.647005
1089.427108
1084.249552
1085.488758
1095.450372
1132.239310
1184.376446
1184.264073
1132.125141
1095.507334
1085.353776
1084.118185
1078.948700
1080.203824
1090.289993
1127.547466
1180.359961
1180.248137
1127.433581
1090.345862
1080.068351
1078.817132
1073.655695
1074.926671
1085.137109
1122.862486
1176.349720
1176.238444
1122.748885
1085.191887
1074.790706
1073.523924
1068.370513
1069.657275
1079.991694
1118.184350
1172.345709
1172.234978
1118.071030
1080.045386
1069.520818
1068.238538
1063.093132
1064.395612
1074.853726
1113.513036
1168.347911
1168.237725
1113.399996
1074.906335
1064.258662
1062.960952
1057.823529
1059.141659
1069.723180
1108.848522
1164.356313
1164.246668
1108.735761
1069.774710
1059.004216
1057.691142
1052.561679
1053.895393
1064.600034
1104.190788
1160.370900
1160.261794
1104.078304
1064.650488
1053.757457
1052.429085
1047.307561
1048.656790
1059.484263
1099.539812
1156.391655
1156.283087
1099.427605
1059.533646
1048.518362
1047.174758
1042.061152
1043.425829
1054.375845
1094.895575
1152.418565
1152.310532
1094.783642
1054.424159
1043.286906
1041.928139
1036.822429
1038.202485
1049.274757
1090.258054
1148.451614
1148.344115
1090.146396
1049.322005
1038.063069
1036.689205
1031.591369
1032.986737
1044.180974
1085.627231
1144.490788
1144.383821
1085.515844
1044.227161
1032.846826
1031.457933
1026.367950
1027.778560
1039.094475
1081.003083
1140.536072
1140.429635
1080.891967
1039.139603
1027.638155
1026.234300
1021.152150
1022.577934
1034.015236
1076.385590
1136.587452
1136.481542
1076.274745
1034.059309
1022.437033
1021.018286
1015.943945
1017.384834
1028.943235
1071.774733
1132.644912
1132.539528
1071.664156
1028.986257
1017.243438
1015.809866
1010.743315
1012.199240
1023.878449
1067.170490
1128.708437
1128.603578
1067.060180
1023.920422
1012.057348
1010.609020
1005.550237
1007.021128
1018.820855
1062.572842
1124.778015
1124.673678
1062.462798
1018.861784
1006.878740
1005.415724
1000.364689
1001.850476
1013.770431
1057.981768
1120.853629
1120.749813
1057.871989
1013.810318
1001.707592
1000.229957
995.186649
996.687262
1008.727155
1053.397249
1116.935266
1116.831969
1053.287734
1008.766004
996.543881
995.051698
990.016095
991.531464
1003.691005
1048.819264
1113.022911
1112.920131
1048.710011
1003.728818
991.387587
989.880923
984.853006
986.383061
998.661957
1044.247794
1109.116550
1109.014285
1044.138803
998.698739
986.238687
984.717612
979.697360
981.242031
993.639991
1039.682819
1105.216169
1105.114417
1039.574088
993.675744
981.097159
979.561743
974.549135
976.108351
988.625084
1035.124319
1101.321753
1101.220512
1035.015847
988.659811
975.962981
974.413294
969.408310
970.982000
983.617215
1030.572275
1097.433288
1097.332557
1030.464060
983.650920
970.836132
969.272245
964.274865
965.862956
978.616361
1026.026667
1093.550760
1093.450537
1025.918709
978.649047
965.716590
964.138573
959.148776
960.751199
973.622502
1021.487476
1089.674155
1089.574438
1021.379773
973.654172
960.604335
959.012257
954.030024
955.646707
968.635615
1016.954683
1085.803459
1085.704247
1016.847234
968.666272
955.499344
953.893277
948.918587
950.549458
963.655679
1012.428267
1081.938658
1081.839948
1012.321072
963.685326
950.401596
948.781611
943.814445
945.459432
958.682673
1007.908211
1078.079738
1077.981529
1007.801268
958.711314
945.311070
943.677239
938.717576
940.376607
953.716576
1003.394495
1074.226685
1074.128976
1003.287802
953.744213
940.227746
938.580138
933.627959
935.300963
948.757366
998.887100
1070.379485
1070.282274
998.780657
948.784002
935.151602
933.490290
928.545575
930.232478
943.805023
994.386007
1066.538125
1066.441409
994.279813
943.830661
930.082617
928.407672
923.470402
925.171132
938.859524
989.891197
1062.702590
1062.606369
989.785251
938.884168
925.020771
923.332265
918.402420
920.116905
933.920851
985.402652
1058.872867
1058.777140
985.296952
933.944503
919.966042
918.264048
913.341608
915.069774
928.988981
980.920353
1055.048943
1054.953707
980.814899
929.011644
914.918411
913.203000
908.287947
910.029721
924.063895
976.444281
1051.230804
1051.136057
976.339072
924.085572
909.877857
908.149101
903.241415
904.996724
919.145571
971.974419
1047.418436
1047.324177
971.869453
919.166265
904.844359
903.102331
898.201993
899.970764
914.233989
967.510746
1043.611825
1043.518053
967.406023
914.253703
899.817897
898.062670
893.169661
894.951820
909.329129
963.053246
1039.810959
1039.717672
962.948764
909.347866
894.798451
893.030097
888.144398
889.939871
904.430970
958.601900
1036.015824
1035.923020
958.497658
904.448733
889.786001
888.004593
883.126184
884.934898
899.539492
954.156690
1032.226406
1032.134084
954.052687
899.556283
884.780526
882.986137
878.115001
879.936882
894.654675
949.717597
1028.442693
1028.350851
949.613833
894.670498
879.782006
877.974711
873.110828
874.945801
889.776500
945.284604
1024.664670
1024.573307
945.181077
889.791357
874.790423
872.970293
868.113645
869.961636
884.904945
940.857692
1020.892326
1020.801439
940.754403
884.918839
869.805755
867.972865
863.123433
864.984368
880.039992
936.436845
1017.125645
1017.035235
936.333791
880.052925
864.827984
862.982407
858.140173
860.013976
875.181620
932.022043
1013.364616
1013.274680
931.919224
875.193596
859.857089
857.998899
853.163844
855.050442
870.329810
927.613270
1009.609226
1009.519762
927.510684
870.340831
854.893051
853.022323
848.194428
850.093745
865.484542
923.210508
1005.859461
1005.770468
923.108154
865.494611
849.935851
848.052658
843.231906
845.143867
860.645797
918.813739
1002.115308
1002.026785
918.711617
860.654916
844.985469
843.089885
838.276257
840.200788
855.813555
914.422945
998.376754
998.288699
914.321054
855.821728
840.041886
838.133986
833.327464
835.264489
850.987797
910.038110
994.643787
994.556199
909.936449
850.995025
835.105082
833.184940
828.385507
830.334950
846.168503
905.659216
990.916393
990.829271
905.557783
846.174791
830.175039
828.242730
823.450367
825.412154
841.355656
901.286245
987.194560
987.107902
901.185041
841.361004
825.251738
823.307337
818.522025
820.496079
836.549234
896.919181
983.478275
983.392080
896.818204
836.553646
820.335159
818.378740
813.600463
815.586709
831.749220
892.558006
979.767526
979.681791
892.457255
831.752699
815.425284
813.456922
808.685662
810.684024
826.955595
888.202704
976.062299
975.977024
888.102178
826.958142
810.522093
808.541864
803.777603
805.788005
822.168339
883.853257
972.362581
972.277765
883.752955
822.169958
805.625568
803.633548
798.876268
800.898633
817.387434
879.509648
968.668362
968.584003
879.409570
817.388127
800.735691
798.731954
793.981638
796.015890
812.612862
875.171861
964.979626
964.895723
875.072006
812.612631
795.852443
793.837064
789.093694
791.139758
807.844603
870.839879
961.296364
961.212915
870.740246
807.843451
790.975805
788.948861
784.212420
786.270218
803.082639
866.513685
957.618561
957.535565
866.414273
803.080569
786.105759
784.067325
779.337795
781.407252
798.326952
862.193263
953.946205
953.863661
862.094071
798.323966
781.242287
779.192438
774.469803
776.550841
793.577524
857.878596
950.279284
950.197191
857.779623
793.573624
776.385369
774.324183
769.608425
771.700968
788.834335
853.569667
946.617786
946.536142
853.470913
788.829525
771.534989
769.462540
764.753643
766.857614
784.097369
849.266460
942.961699
942.880502
849.167924
784.091650
766.691128
764.607493
759.905438
762.020760
779.366606
844.968959
939.311009
939.230259
844.870640
779.359981
761.853768
759.759023
755.063795
757.190390
774.642030
840.677148
935.665705
935.585401
840.579045
774.634501
757.022891
754.917113
750.228693
752.366486
769.923621
836.391010
932.025775
931.945915
836.293122
769.915190
752.198479
750.081743
745.400116
747.549028
765.211362
832.110529
928.391207
928.311789
832.012856
765.202032
747.380515
745.252898
740.578047
742.738001
760.505235
827.835689
924.761988
924.683012
827.738230
760.495009
742.568980
740.430559
735.762467
737.933385
755.805223
823.566475
921.138106
921.059571
823.469228
755.794102
737.763857
735.614708
730.953358
733.135164
751.111307
819.302869
917.519550
917.441453
819.205835
751.099295
732.965128
730.805329
726.150705
728.343320
746.423471
815.044857
913.906308
913.828649
814.948034
746.410569
728.172776
726.002403
721.354488
723.557836
741.741697
810.792422
910.298367
910.221144
810.695810
741.727907
723.386783
721.205913
716.564692
718.778693
737.065967
806.545549
906.695715
906.618928
806.449147
737.051292
718.607132
716.415843
711.781298
714.005876
732.396263
802.304222
903.098341
903.021989
802.208029
732.380706
713.833806
711.632174
707.004289
709.239366
727.732570
798.068425
899.506234
899.430314
797.972440
727.716132
709.066788
706.854890
702.233649
704.479146
723.074869
793.838143
895.919380
895.843893
793.742366
723.057552
704.306060
702.083974
697.469361
699.725200
718.423143
789.613360
892.337769
892.262712
789.517791
718.404950
699.551605
697.319408
692.711407
694.977510
713.777376
785.394062
888.761389
888.686762
785.298698
713.758309
694.803406
692.561175
687.959770
690.236059
709.137550
781.180231
885.190228
885.116029
781.085074
709.117611
690.061446
687.809259
683.214435
685.500831
704.503648
776.971855
881.624275
881.550503
776.876902
704.482840
685.325709
683.063644
678.475383
680.771809
699.875654
772.768916
878.063517
877.990172
772.674167
699.853978
680.596177
678.324311
673.742599
676.048975
695.253550
768.571400
874.507944
874.435024
768.476854
695.231010
675.872835
673.591245
669.016065
671.332314
690.637321
764.379291
870.957544
870.885048
764.284949
690.613917
671.155664
668.864429
664.295766
666.621808
686.026949
760.192576
867.412306
867.340232
760.098435
686.002685
666.444648
664.143846
659.581684
661.917441
681.422418
756.011238
863.872218
863.800566
755.917299
681.397295
661.739772
659.429480
654.873804
657.219197
676.823712
751.835262
860.337268
860.266037
751.741524
676.797731
657.041018
654.721314
650.172108
652.527060
672.230813
747.664635
856.807446
856.736634
747.571097
672.203978
652.348371
650.019333
645.476582
647.841012
667.643706
743.499340
853.282739
853.212346
743.406002
667.616018
647.661813
645.323519
640.787207
643.161038
663.062374
739.339364
849.763138
849.693162
739.246225
663.033836
642.981328
640.633857
636.103969
638.487121
658.486801
735.184691
846.248630
846.179071
735.091750
658.457415
638.306901
635.950331
631.426852
633.819245
653.916971
731.035308
842.739205
842.670061
730.942564
653.886739
633.638515
631.272924
626.755838
629.157394
649.352868
726.891198
839.234851
839.166121
726.798652
649.321791
628.976154
626.601620
622.090913
624.501553
644.794476
722.752349
835.735557
835.667240
722.659998
644.762557
624.319803
621.936403
617.432060
619.851705
640.241779
718.618744
832.241312
832.173408
718.526590
640.209019
619.669444
617.277258
612.779263
615.207834
635.694760
714.490371
828.752106
828.684612
714.398411
635.661162
615.025062
612.624169
608.132508
610.569925
631.153405
710.367214
825.267926
825.200843
710.275449
631.118971
610.386642
607.977120
603.491777
605.937961
626.617697
706.249260
821.788762
821.722088
706.157689
626.582428
605.754168
603.336095
598.857056
601.311928
622.087621
702.136493
818.314604
818.248338
702.045115
622.051520
601.127623
598.701078
594.228328
596.691808
617.563161
698.028901
814.845440
814.779581
697.937715
617.526229
596.506993
594.072054
589.605578
592.077588
613.044301
693.926468
811.381259
811.315807
693.835475
613.006541
591.892261
589.449008
584.988792
587.469251
608.531027
689.829181
807.922051
807.857004
689.738379
608.492440
587.283413
584.831923
580.377952
582.866782
604.023322
685.737025
804.467804
804.403162
685.646415
603.983910
582.680433
580.220786
575.773045
578.270165
599.521171
681.649987
801.018509
800.954270
681.559567
599.480936
578.083304
575.615579
571.174054
573.679386
595.024559
677.568053
797.574154
797.510317
677.477823
594.983503
573.492013
571.016288
566.580965
569.094428
590.533470
673.491209
794.134729
794.071293
673.401168
590.491595
568.906544
566.422898
561.993762
564.515277
586.047890
669.419441
790.700222
790.637187
669.329589
586.005198
564.326882
561.835393
557.412431
559.941918
581.567803
665.352736
787.270624
787.207989
665.263071
581.524296
559.753011
557.253759
552.836955
555.374335
577.093195
661.291079
783.845924
783.783688
661.201602
577.048874
555.184916
552.677980
548.267321
550.812514
572.624049
657.234457
780.426112
780.364273
657.145167
572.578917
550.622583
548.108041
543.703513
546.256439
568.160352
653.182856
777.011176
776.949734
653.093753
568.114410
546.065996
543.543928
539.145516
541.706096
563.702089
649.136264
773.601106
773.540060
649.047347
563.655338
541.515141
538.985626
534.593315
537.161469
559.249243
645.094666
770.195892
770.135242
645.005934
559.201686
536.970002
534.433119
530.046897
532.622544
554.801802
641.058049
766.795524
766.735268
640.969502
554.753441
532.430565
529.886393
525.506245
528.089307
550.359750
637.026400
763.399991
763.340128
636.938037
550.310585
527.896815
525.345433
520.971346
523.561742
545.923072
632.999705
760.009283
759.949812
632.911526
545.873107
523.368738
520.810224
516.442184
519.039835
541.491754
628.977951
756.623389
756.564310
628.889956
541.440989
518.846319
516.280753
511.918746
514.523571
537.065781
624.961125
753.242300
753.183611
624.873312
537.014219
514.329543
511.757004
507.401017
510.012936
532.645139
620.949213
749.866005
749.807706
620.861583
532.592781
509.818395
507.238964
502.888981
505.507916
528.229814
616.942203
746.494493
746.436583
616.854755
528.176662
505.312862
502.726616
498.382626
501.008495
523.819790
612.940082
743.127755
743.070234
612.852815
523.765846
500.812929
498.219948
493.881936
496.514661
519.415055
608.942836
739.765781
739.708647
608.855750
519.360320
496.318582
493.718945
489.386898
492.026397
515.015593
604.950452
736.408560
736.351812
604.863547
514.960069
491.829806
489.223592
484.897497
487.543691
510.621390
600.962918
733.056082
732.999720
600.876193
510.565079
487.346587
484.733875
480.413719
483.066528
506.232432
596.980221
729.708338
729.652361
596.893676
506.175336
482.868911
480.249781
475.935549
478.594894
501.848706
593.002348
726.365317
726.309724
592.915981
501.790825
478.396764
475.771295
471.462975
474.128774
497.470196
589.029286
723.027010
722.971800
588.943098
497.411534
473.930132
471.298403
466.995981
469.668155
493.096890
585.061022
719.693406
719.638579
584.975012
493.037447
469.469000
466.831091
462.534554
465.213024
488.728773
581.097543
716.364495
716.310050
581.011711
488.668551
465.013355
462.369345
458.078680
460.763365
484.365831
577.138838
713.040268
712.986204
577.053183
484.304832
460.563183
457.913151
453.628346
456.319165
480.008051
573.184893
709.720715
709.667031
573.099416
479.946276
456.118470
453.462496
449.183536
451.880411
475.655419
569.235697
706.405826
706.352522
569.150395
475.592870
451.679203
449.017365
444.744239
447.447088
471.307921
565.291235
703.095592
703.042665
565.206110
471.244599
447.245367
444.577745
440.310439
443.019183
466.965544
561.351497
699.790002
699.737453
561.266547
466.901450
442.816949
440.143622
435.882123
438.596682
462.628273
557.416469
696.489046
696.436875
557.331694
462.563410
438.393935
435.714983
431.459278
434.179572
458.296096
553.486140
693.192716
693.140921
553.401540
458.230465
433.976312
431.291814
427.041891
429.767840
453.968998
549.560496
689.901001
689.849582
549.476070
453.902602
429.564066
426.874101
422.629947
425.361470
449.646967
545.639526
686.613892
686.562848
545.555274
449.579806
425.157183
422.461831
418.223433
420.960452
445.329990
541.723218
683.331380
683.280710
541.639139
445.262065
420.755651
418.054991
413.822336
416.564770
441.018052
537.811559
680.053454
680.003157
537.727654
440.949365
416.359456
413.653566
409.426643
412.174411
436.711140
533.904537
676.780105
676.730181
533.820804
436.641694
411.968584
409.257545
405.036340
407.789363
432.409242
530.002141
673.511324
673.461772
529.918580
432.339037
407.583022
404.866913
400.651414
403.409612
428.112344
526.104357
670.247101
670.197921
526.020969
428.041381
403.202757
400.481657
396.271852
399.035144
423.820433
522.211175
666.987427
666.938617
522.127958
423.748715
398.827776
396.101764
391.897640
394.665948
419.533495
518.322582
663.732293
663.683853
518.239536
419.461023
394.458066
391.727222
387.528766
390.302009
415.251519
514.438566
660.481688
660.433617
514.355690
415.178294
390.093614
387.358016
383.165217
385.943315
410.974491
510.559116
657.235605
657.187902
510.476410
410.900515
385.734406
382.994134
378.806979
381.589852
406.702398
506.684219
653.994032
653.946698
506.601683
406.627672
381.380430
378.635563
374.454040
377.241608
402.435226
502.813864
650.756962
650.709994
502.731498
402.359752
377.031672
374.282289
370.106387
372.898570
398.172965
498.948039
647.524384
647.477783
498.865843
398.096744
372.688120
369.934301
365.764006
368.560725
393.915600
495.086733
644.296290
644.250055
495.004705
393.838633
368.349762
365.591585
361.426886
364.228060
389.663118
491.229933
641.072671
641.026801
491.148074
389.585408
364.016583
361.254128
357.095013
359.900563
385.415508
487.377629
637.853516
637.808011
487.295938
385.337055
359.688572
356.921918
352.768375
355.578220
381.172757
483.529809
634.638818
634.593677
483.448285
381.093562
355.365715
352.594942
348.446958
351.261020
376.934851
479.686460
631.428567
631.383789
479.605104
376.854917
351.048001
348.273187
344.130751
346.948949
372.701779
475.847573
628.222754
628.178339
475.766384
372.621106
346.735417
343.956640
339.819741
342.641995
368.473528
472.013134
625.021369
624.977316
471.932112
368.392118
342.427949
339.645290
335.513915
338.340146
364.250085
468.183134
621.824405
621.780713
468.102278
364.167940
338.125586
335.339123
331.213260
334.043388
360.031439
464.357560
618.631851
618.588520
464.276871
359.948559
333.828314
331.038127
326.917765
329.751711
355.817576
460.536402
615.443699
615.400729
460.455878
355.733964
329.536123
326.742290
322.627417
325.465100
351.608485
456.719647
612.259941
612.217329
456.639289
351.524141
325.248999
322.451599
318.342204
321.183545
347.404154
452.907285
609.080566
609.038313
452.827092
347.319079
320.966929
318.166042
314.062113
316.907032
343.204569
449.099305
605.905566
605.863672
449.019277
343.118766
316.689902
313.885607
309.787132
312.635549
339.009719
445.295696
602.734933
602.693397
445.215832
338.923188
312.417906
309.610281
305.517249
308.369085
334.819592
441.496445
599.568657
599.527478
441.416746
334.732335
308.150928
305.340052
301.252451
304.107627
330.634176
437.701543
596.406730
596.365908
437.622008
330.546194
303.888956
301.074908
296.992727
299.851163
326.453459
433.910979
593.249143
593.208676
433.831606
326.364753
299.631978
296.814836
292.738065
295.599681
322.277428
430.124740
590.095887
590.055776
430.045531
322.188000
295.379982
292.559826
288.488452
291.353169
318.106073
426.342817
586.946953
586.907197
426.263771
318.015924
291.132957
288.309864
284.243876
287.111615
313.939380
422.565199
583.802333
583.762932
422.486316
313.848511
286.890889
284.064939
280.004326
282.875008
309.777338
418.791874
580.662019
580.622971
418.713153
309.685751
282.653767
279.825039
275.769790
278.643334
305.619936
415.022832
577.526001
577.487306
414.944273
305.527631
278.421579
275.590152
271.540255
274.416583
301.467161
411.258062
574.394271
574.355928
411.179665
301.374141
274.194314
271.360265
267.315710
270.194742
297.319003
407.497554
571.266820
571.228829
407.419318
297.225267
269.971959
267.135368
263.096143
265.977800
293.175448
403.741296
568.143639
568.106001
403.663221
293.080999
265.754504
262.915449
258.881543
261.765745
289.036486
399.989277
565.024721
564.987434
399.911364
288.941325
261.541935
258.700495
254.671897
257.558566
284.902105
396.241489
561.910057
561.873120
396.163736
284.806233
257.334242
254.490495
250.467195
253.356251
280.772294
392.497918
558.799638
558.763051
392.420326
280.675712
253.131413
250.285437
246.267424
249.158788
276.647040
388.758556
555.693456
555.657218
388.681124
276.549750
248.933436
246.085310
242.072572
244.966166
272.526333
385.023392
552.591502
552.555614
384.946120
272.428336
244.740300
241.890102
237.882629
240.778373
268.410162
381.292415
549.493769
549.458228
381.215302
268.311458
240.551993
237.699802
233.697583
236.595398
264.298514
377.565614
546.400247
546.365054
377.488661
264.199105
236.368504
233.514398
229.517422
232.417229
260.191378
373.842980
543.310928
543.276083
373.766186
260.091266
232.189821
229.333879
225.342135
228.243855
256.088744
370.124501
540.225804
540.191306
370.047866
255.987929
228.015934
225.158233
221.171711
224.075265
251.990600
366.410168
537.144867
537.110715
366.333692
251.889083
223.846830
220.987448
217.006138
219.911448
247.896934
362.699971
534.068108
534.034302
362.623653
247.794717
219.682499
216.821515
212.845405
215.752392
243.807736
358.993898
530.995520
530.962059
358.917739
243.704820
215.522928
212.660420
208.689501
211.598085
239.722995
355.291941
527.927093
527.893977
355.215939
239.619380
211.368108
208.504154
204.538415
207.448518
235.642698
351.594087
524.862820
524.830049
351.518243
235.538388
207.218027
204.352705
200.392134
203.303678
231.566837
347.900329
521.802693
521.770266
347.824642
231.461830
203.072673
200.206061
196.250649
199.163555
227.495398
344.210655
518.746704
518.714620
344.135125
227.389697
198.932036
196.064212
192.113948
195.028137
223.428372
340.525055
515.694843
515.663102
340.449682
223.321978
194.796105
191.927146
187.982020
190.897414
219.365748
336.843519
512.647104
512.615706
336.768303
219.258661
190.664868
187.794853
183.854855
186.771375
215.307514
333.166037
509.603479
509.572422
333.090978
215.199736
186.538315
183.667321
179.732440
182.650008
211.253660
329.492600
506.563958
506.533243
329.417697
211.145192
182.416434
179.544539
175.614765
178.533303
207.204174
325.823196
503.528535
503.498161
325.748450
207.095018
178.299215
175.426497
171.501820
174.421248
203.159048
322.157818
500.497200
500.467168
322.083227
203.049203
174.186647
171.313183
167.393593
170.313834
199.118268
318.496453
497.469947
497.440255
318.422018
199.007737
170.078720
167.204587
163.290074
166.211050
195.081826
314.839094
494.446768
494.417415
314.764814
194.970608
165.975421
163.100698
159.191251
162.112883
191.049709
311.185729
491.427653
491.398640
311.111605
190.937807
161.876741
159.001505
155.097115
158.019325
187.021908
307.536349
488.412597
488.383922
307.462380
186.909323
157.782669
154.906998
151.007653
153.930364
182.998412
303.890945
485.401589
485.373254
303.817130
182.885145
153.693195
150.817165
146.922857
149.845989
178.979211
300.249506
482.394624
482.366626
300.175846
178.865262
149.608307
146.731996
142.842714
145.766191
174.964294
296.612023
479.391692
479.364032
296.538518
174.849664
145.527995
142.651480
138.767215
141.690958
170.953650
292.978487
476.392787
476.365464
292.905136
170.838341
141.452248
138.575607
134.696348
137.620280
166.947269
289.348887
473.397900
473.370914
289.275690
166.831282
137.381057
134.504366
130.630104
133.554146
162.945141
285.723214
470.407023
470.380374
285.650171
162.828477
133.314409
130.437747
126.568472
129.492547
158.947256
282.101459
467.420150
467.393837
282.028570
158.829915
129.252296
126.375739
122.511441
125.435471
154.953602
278.483612
464.437272
464.411294
278.410877
154.835587
125.194707
122.318332
118.459001
121.382908
150.964171
274.869664
461.458381
461.432739
274.797082
150.845481
121.141631
118.265514
114.411141
117.334848
146.978951
271.259605
458.483470
458.458162
271.187176
146.859588
117.093058
114.217277
110.367852
113.291281
142.997932
267.653425
455.512531
455.487558
267.581149
142.877897
113.048978
110.173609
106.329122
109.252197
139.021105
264.051116
452.545557
452.520918
263.978993
138.900399
109.009379
106.134500
102.294942
105.217584
135.048459
260.452668
449.582540
449.558235
260.380697
134.927083
104.974254
102.099941
98.265302
101.187433
131.079984
256.858072
446.623473
446.599501
256.786254
130.957938
100.943590
98.069920
94.240190
97.161735
127.115670
253.267318
443.668347
443.644708
253.195652
126.992956
96.917378
94.044427
90.219598
93.140478
123.155506
249.680397
440.717156
440.693850
249.608883
123.032126
92.895608
90.023453
86.203514
89.123652
119.199484
246.097300
437.769892
437.746918
246.025939
119.075437
88.878269
86.006986
82.191929
85.111248
115.247593
242.518018
434.826547
434.803905
242.446808
115.122881
84.865352
81.995018
78.184832
81.103256
111.299823
238.942542
431.887114
431.864804
238.871484
111.174447
80.856847
77.987538
74.182215
77.099665
107.356164
235.370862
428.951586
428.929606
235.299955
107.230125
76.852743
73.984536
70.184065
73.100466
103.416607
231.802969
426.019955
425.998306
231.732214
103.289905
72.853031
69.986001
66.190375
69.105649
99.481141
228.238855
423.092214
423.070895
228.168251
99.353778
68.857701
65.991925
62.201133
65.115203
95.549758
224.678510
420.168355
420.147367
224.608057
95.421734
64.866742
62.002296
58.216330
61.129120
91.622446
221.121925
417.248371
417.227713
221.051623
91.493762
60.880146
58.017106
54.235955
57.147389
87.699197
217.569091
414.332255
414.311926
217.498941
87.569854
56.897902
54.036344
50.260000
53.170000
83.780000
214.020000
411.420000
411.400000
213.950000
83.650000
52.920000
50.060000
