500.272027
500.182813
500.127605
500.097984
500.263487
500.139870
500.319658
500.253281
500.160105
500.118264
500.258371
500.169155
500.113949
500.084328
500.249830
500.126214
500.306004
500.239627
500.146448
500.104607
500.244716
500.155498
500.100294
500.070672
500.236173
500.112557
500.292351
500.225973
500.132790
500.090951
500.231060
500.141840
500.086638
500.057017
500.222517
500.098901
500.278697
500.212319
500.119133
500.077294
500.217405
500.128183
500.072983
500.043361
500.208860
500.085245
500.265043
500.198665
500.105476
500.063637
500.203750
500.114526
500.059328
500.029705
500.195203
500.071589
500.251390
500.185012
500.091818
500.049981
500.190094
500.100868
500.045672
500.016050
500.181547
500.057933
500.237736
500.171358
500.078161
500.036324
500.176439
500.087211
500.032017
500.002394
500.167890
500.044277
500.224083
500.157704
500.064504
500.022668
500.162784
500.073554
500.018362
499.988739
500.154234
500.030621
500.210429
500.144051
500.050847
500.009011
500.149129
500.059897
500.004707
499.975083
500.140577
500.016965
500.196776
500.130397
500.037190
499.995355
500.135473
500.046240
499.991051
499.961428
500.126921
500.003309
500.183123
500.116743
500.023533
499.981699
500.121818
500.032583
499.977396
499.947773
500.113264
499.989653
500.169470
500.103090
500.009876
499.968043
500.108163
500.018926
499.963741
499.934118
500.099608
499.975997
500.155816
500.089437
499.996219
499.954386
500.094508
500.005269
499.950086
499.920462
500.085952
499.962341
500.142163
500.075783
499.982563
499.940730
500.080853
499.991612
499.936431
499.906807
500.072296
499.948686
500.128510
500.062130
499.968906
499.927074
500.067199
499.977955
499.922777
499.893152
500.058640
499.935030
500.114857
500.048477
499.955249
499.913418
500.053544
499.964298
499.909122
499.879497
500.044984
499.921375
500.101204
500.034823
499.941592
499.899762
500.039889
499.950642
499.895467
499.865842
500.031328
499.907719
500.087551
500.021170
499.927936
499.886106
500.026234
499.936985
499.881812
499.852187
500.017672
499.894064
500.073898
500.007517
499.914279
499.872450
500.012580
499.923328
499.868158
499.838532
500.004016
499.880408
500.060246
499.993864
499.900623
499.858795
499.998925
499.909672
499.854503
499.824877
499.990360
499.866753
500.046593
499.980211
499.886966
499.845139
499.985271
499.896015
499.840849
499.811223
499.976704
499.853097
500.032940
499.966558
499.873310
499.831483
499.971616
499.882359
499.827194
499.797568
499.963048
499.839442
500.019287
499.952905
499.859654
499.817827
499.957962
499.868702
499.813540
499.783913
499.949392
499.825787
500.005635
499.939252
499.845997
499.804172
499.944307
499.855046
499.799885
499.770259
499.935737
499.812132
499.991982
499.925600
499.832341
499.790516
499.930653
499.841390
499.786231
499.756604
499.922081
499.798477
499.978330
499.911947
499.818685
499.776861
499.916999
499.827733
499.772577
499.742950
499.908426
499.784822
499.964677
499.898294
499.805029
499.763205
499.903344
499.814077
499.758922
499.729295
499.894770
499.771167
499.951025
499.884642
499.791373
499.749550
499.889690
499.800421
499.745268
499.715641
499.881115
499.757512
499.937373
499.870989
499.777717
499.735895
499.876036
499.786765
499.731614
499.701986
499.867459
499.743857
499.923720
499.857336
499.764061
499.722239
499.862382
499.773109
499.717960
499.688332
499.853804
499.730202
499.910068
499.843684
499.750405
499.708584
