1406.74
1406.93
1407.23
1407.92
1408.94
1410.24
1412.02
1414.65
1417.45
1420.86
1424.34
1427.83
1430.89
1433.2
1434.45
1434.54
1433.27
1430.9
1427.84
1424.28
1420.77
1417.4
1414.54
1412.05
1410.21
1408.94
1407.89
1407.2
1406.78
1406.59
1320.54
1320.9
1321.6
1322.86
1324.76
1327.37
1330.91
1335.67
1341.24
1347.72
1354.57
1361.33
1367.29
1371.77
1374.18
1374.23
1371.82
1367.3
1361.33
1354.52
1347.65
1341.19
1335.59
1330.92
1327.34
1324.74
1322.83
1321.55
1320.78
1320.44
1240.46
1240.97
1242.01
1243.81
1246.51
1250.3
1255.47
1262.23
1270.37
1279.77
1289.79
1299.68
1308.41
1314.96
1318.49
1318.53
1315
1308.42
1299.67
1289.75
1279.71
1270.32
1262.17
1255.45
1250.27
1246.48
1243.77
1241.96
1240.88
1240.39
1165.67
1166.32
1167.66
1169.93
1173.36
1178.24
1184.89
1193.55
1204.1
1216.28
1229.34
1242.25
1253.67
1262.25
1266.87
1266.89
1262.28
1253.67
1242.24
1229.3
1216.23
1204.05
1193.5
1184.86
1178.2
1173.33
1169.88
1167.6
1166.24
1165.63
1095.51
1096.27
1097.87
1100.56
1104.66
1110.52
1118.54
1129
1141.83
1156.68
1172.69
1188.54
1202.6
1213.19
1218.89
1218.9
1213.2
1202.61
1188.53
1172.65
1156.64
1141.78
1128.94
1118.5
1110.48
1104.62
1100.51
1097.81
1096.2
1095.47
1029.41
1030.27
1032.1
1035.17
1039.86
1046.61
1055.9
1068.05
1083.06
1100.5
1119.38
1138.13
1154.82
1167.39
1174.17
1174.18
1167.41
1154.82
1138.12
1119.35
1100.46
1083.01
1068
1055.86
1046.57
1039.81
1035.11
1032.04
1030.22
1029.39
966.933
967.876
969.89
973.291
978.513
986.081
996.539
1010.29
1027.38
1047.34
1069.04
1090.67
1109.97
1124.55
1132.42
1132.42
1124.56
1109.97
1090.66
1069.01
1047.3
1027.34
1010.24
996.491
986.028
978.46
973.235
969.835
967.825
966.909
907.683
908.695
910.871
914.557
920.248
928.551
940.095
955.365
974.45
996.866
1021.35
1045.86
1067.79
1084.39
1093.36
1093.36
1084.4
1067.79
1045.85
1021.32
996.834
974.41
955.316
940.043
928.494
920.19
914.498
910.815
908.649
907.662
851.338
852.408
854.717
858.645
864.748
873.713
886.261
902.964
923.977
948.799
976.044
1003.43
1028.02
1046.67
1056.76
1056.76
1046.68
1028.01
1003.42
976.021
948.77
923.94
902.916
886.204
873.651
864.684
858.583
854.66
852.364
851.32
797.622
798.737
801.153
805.283
811.742
821.3
834.776
852.836
875.712
902.894
932.889
963.172
990.446
1011.19
1022.43
1022.43
1011.19
990.442
963.158
932.868
902.869
875.677
852.787
834.715
821.233
811.674
805.217
801.095
798.694
797.606
746.296
747.444
749.944
754.238
761
771.086
785.414
804.76
829.437
858.945
891.682
924.883
954.89
977.773
990.183
990.183
977.773
954.885
924.868
891.663
858.923
829.405
804.711
785.35
771.014
760.928
754.167
749.883
747.403
746.282
697.153
698.323
700.883
705.305
712.32
722.873
737.983
758.544
784.966
816.767
852.247
888.396
921.187
946.259
959.876
959.876
946.257
921.181
888.381
852.229
816.749
784.937
758.496
737.914
722.796
712.244
705.231
700.82
698.282
697.14
650.012
651.194
653.794
658.309
665.529
676.488
692.313
714.023
742.136
776.2
814.428
853.563
889.194
916.511
931.372
931.37
916.508
889.188
853.546
814.412
776.187
742.109
713.974
692.239
676.405
665.449
658.23
653.728
651.154
650
604.714
605.899
608.517
613.094
620.474
631.781
648.255
671.048
700.801
737.105
778.09
820.25
858.785
888.408
904.55
904.547
888.404
858.777
820.233
778.074
737.096
700.778
670.999
648.176
631.693
620.39
613.011
608.449
605.859
604.703
561.119
562.297
564.917
569.524
577.019
588.619
605.678
629.492
660.836
699.356
743.109
788.341
829.845
861.84
879.304
879.3
861.835
829.838
788.322
743.094
699.351
660.816
629.443
605.594
588.525
576.931
569.435
564.846
562.257
561.109
519.102
520.265
522.869
527.477
535.044
546.885
564.467
589.24
622.126
662.841
709.378
757.731
802.275
836.71
855.539
855.534
836.704
802.267
757.71
709.364
662.842
622.11
589.191
564.377
546.785
534.954
527.383
522.794
520.226
519.094
478.552
479.693
482.264
486.846
494.445
506.474
524.518
550.189
584.571
627.461
676.798
728.325
775.983
812.932
833.171
833.165
812.926
775.976
728.302
676.785
627.469
584.56
550.141
524.422
506.369
494.352
486.746
482.186
479.654
478.546
439.37
440.48
443.005
447.534
455.126
467.294
485.741
512.249
548.081
593.126
645.284
700.038
750.888
790.428
812.123
812.116
790.42
750.883
700.012
645.27
593.141
548.075
512.202
485.637
467.183
455.031
447.428
442.923
440.442
439.366
401.465
402.539
405.004
409.455
417.002
429.262
448.052
475.337
512.574
559.756
614.753
672.793
726.917
769.125
792.327
792.317
769.117
726.913
672.763
614.739
559.779
512.572
475.292
447.94
429.143
416.905
409.342
404.918
402.502
401.464
364.758
365.789
368.182
372.531
379.995
392.301
411.378
439.38
477.977
527.277
585.136
646.52
704.002
748.961
773.72
773.708
748.952
703.999
646.484
585.121
527.31
477.98
439.337
411.256
392.175
379.899
372.41
368.091
365.754
364.761
329.175
330.158
332.467
336.692
344.038
356.344
375.651
404.311
444.222
495.622
556.365
621.154
682.081
729.876
756.246
756.231
729.866
682.082
621.113
556.349
495.666
444.231
404.27
375.517
356.211
343.942
336.561
332.371
330.123
329.182
294.65
295.578
297.794
301.873
309.066
321.33
340.81
370.069
411.25
464.731
528.382
596.638
661.1
711.819
739.854
739.835
711.808
661.105
596.59
528.364
464.788
411.264
370.031
340.665
321.189
308.972
301.733
297.693
295.546
294.662
261.122
261.99
264.104
268.017
275.022
287.204
306.801
336.599
379.005
434.548
501.131
572.918
641.007
694.74
724.497
724.474
694.727
641.017
572.862
501.11
434.619
379.025
336.566
306.642
287.054
274.933
267.865
263.997
261.96
261.14
228.535
229.338
231.344
235.071
241.855
253.915
273.575
303.851
347.437
405.022
474.562
549.945
621.755
678.595
710.133
710.105
678.581
621.771
549.878
474.537
405.11
347.462
303.823
273.399
253.755
241.772
234.906
231.23
229.311
228.561
196.838
197.572
199.463
202.986
209.517
221.417
241.084
271.779
316.499
376.106
448.628
527.672
603.301
663.343
696.724
696.689
663.328
603.326
527.594
448.598
376.213
316.529
271.757
240.889
221.247
209.443
202.806
199.342
197.548
196.874
165.986
166.646
168.416
171.718
177.963
189.668
209.288
240.339
286.15
347.757
423.287
506.059
585.606
648.948
684.233
684.191
648.931
585.642
505.966
423.25
347.886
286.184
240.327
209.072
189.486
177.901
171.521
168.289
166.625
166.033
135.934
136.516
138.163
141.226
147.154
158.63
178.148
209.494
256.35
319.933
398.498
485.065
568.632
635.375
672.629
672.578
635.355
568.681
484.955
398.453
320.089
256.388
209.493
177.907
158.435
147.107
141.009
138.027
136.5
135.995
106.643
107.142
108.664
111.474
117.051
128.267
147.63
179.208
227.063
292.599
374.224
464.655
552.345
622.592
661.882
661.82
622.569
552.411
464.525
374.17
292.784
227.104
179.22
147.36
128.059
117.025
111.233
108.52
107.131
106.721
78.0768
78.4883
79.8836
82.4256
87.6205
98.5468
117.7
149.447
198.257
265.719
350.432
444.794
536.715
610.569
651.964
651.889
610.543
536.8
444.641
350.367
265.939
198.298
149.476
117.398
98.3234
87.6192
82.1575
79.7321
78.4825
78.1739
