1499.900000
1500.030000
1499.910000
1499.890000
1500.080000
1499.930000
1499.970000
1499.990000
1499.950000
1499.990000
1500.030000
1500.020000
1500.060000
1500.030000
1500.030000
1499.940000
1499.920000
1499.840000
1499.920000
1499.950000
1499.990000
1500.210000
1499.910000
1500.140000
1500.070000
1500.180000
1500.000000
1500.080000
1499.950000
1500.090000
1428.501958
1428.556109
1428.491150
1428.483821
1428.584663
1428.511670
1428.527161
1428.538008
1428.519453
1428.544574
1428.572192
1428.573507
1428.595356
1428.578586
1428.567818
1428.508852
1428.483070
1428.438799
1428.485558
1428.517799
1428.563119
1428.682258
1428.538121
1428.652949
1428.631953
1428.681211
1428.583878
1428.608686
1428.541089
1428.600620
1362.575458
1362.596277
1362.558283
1362.555834
1362.612416
1362.575122
1362.580551
1362.586290
1362.577672
1362.594613
1362.614686
1362.620127
1362.633202
1362.622626
1362.609228
1362.567930
1362.543784
1362.517718
1362.548032
1362.578619
1362.620656
1362.692165
1362.621452
1362.683223
1362.679663
1362.702104
1362.644827
1362.647629
1362.608022
1362.631762
1301.349024
1301.354703
1301.330772
1301.330123
1301.363392
1301.343358
1301.344377
1301.347079
1301.343045
1301.354999
1301.370132
1301.376816
1301.385381
1301.378134
1301.365211
1301.335080
1301.314669
1301.298729
1301.320298
1301.348048
1301.384940
1301.432193
1301.397708
1301.433220
1301.435226
1301.445063
1301.408721
1301.403010
1301.377091
1301.384276
1244.200206
1244.198900
1244.182736
1244.182690
1244.203036
1244.191578
1244.190445
1244.191164
1244.189106
1244.197705
1244.209405
1244.216201
1244.222350
1244.217183
1244.205872
1244.183435
1244.167042
1244.157205
1244.173786
1244.198588
1244.230556
1244.264500
1244.248455
1244.269945
1244.272959
1244.276503
1244.251919
1244.243413
1244.224869
1244.224256
1190.621163
1190.616658
1190.605016
1190.605155
1190.618035
1190.610865
1190.608468
1190.607742
1190.606339
1190.612465
1190.621660
1190.628183
1190.633016
1190.629338
1190.619983
1190.603230
1190.590558
1190.584674
1190.598199
1190.620332
1190.648145
1190.674240
1190.667687
1190.681020
1190.683286
1190.683483
1190.665984
1190.657184
1190.643063
1190.638824
1140.192790
1140.186876
1140.177999
1140.178235
1140.186675
1140.181583
1140.178241
1140.176339
1140.174906
1140.179056
1140.186346
1140.192534
1140.196667
1140.194168
1140.186788
1140.174479
1140.165097
1140.161936
1140.173438
1140.193290
1140.217775
1140.238923
1140.237161
1140.245258
1140.246110
1140.244389
1140.231478
1140.223507
1140.212349
1140.206535
1092.565443
1092.558956
1092.551840
1092.552233
1092.558009
1092.553804
1092.549591
1092.546647
1092.544827
1092.547282
1092.553071
1092.559010
1092.562805
1092.561295
1092.555785
1092.547119
1092.540613
1092.539431
1092.549465
1092.567425
1092.589328
1092.607180
1092.607637
1092.611992
1092.611180
1092.608255
1092.598540
1092.591924
1092.582965
1092.576598
1047.444504
1047.437809
1047.431848
1047.432523
1047.436745
1047.432750
1047.427632
1047.423711
1047.421324
1047.422232
1047.426802
1047.432649
1047.436323
1047.435667
1047.431875
1047.426327
1047.422344
1047.422665
1047.431517
1047.447935
1047.467897
1047.483470
1047.484684
1047.486066
1047.483485
1047.479714
1047.472404
1047.467415
1047.460228
1047.453801
1004.579463
1004.572678
1004.567477
1004.568597
1004.572013
1004.567813
1004.561704
1004.556833
1004.553808
1004.553227
1004.556773
1004.562731
1004.566411
1004.566500
1004.564262
1004.561485
1004.559743
1004.561250
1004.569035
1004.584217
1004.602788
1004.616764
1004.617869
1004.616663
1004.612243
1004.607803
1004.602442
1004.599257
1004.593583
1004.587309
963.755560
963.748661
963.743940
963.745691
963.748852
963.744163
963.736945
963.731140
963.727476
963.725390
963.728049
963.734354
963.738110
963.738843
963.737991
963.737772
963.738051
963.740531
963.747241
963.761453
963.779112
963.791994
963.792450
963.788826
963.782490
963.777458
963.773795
963.772569
963.768239
963.762159
924.787303
924.780179
924.775713
924.778305
924.781659
924.776252
924.767791
924.761060
924.756813
924.753139
924.755004
924.761933
924.765782
924.767062
924.767429
924.769659
924.771786
924.775101
924.780630
924.794108
924.811282
924.823482
924.822924
924.816927
924.808573
924.802973
924.800880
924.801785
924.798674
924.792722
887.513391
887.505864
887.501453
887.505120
887.509069
887.502730
887.492874
887.485224
887.480501
887.475096
887.476222
887.484098
887.488015
887.489746
887.491160
887.495816
887.499655
887.503723
887.507876
887.520835
887.537921
887.549802
887.547960
887.539561
887.529056
887.522881
887.522310
887.525556
887.523561
887.517586
851.792692
851.784522
851.779967
851.784974
851.789911
851.782410
851.770991
851.762432
851.757396
851.750046
851.750455
851.759663
851.763574
851.765664
851.767940
851.775082
851.780521
851.785317
851.787806
851.800452
851.817822
851.829735
851.826379
851.815501
851.802681
851.795903
851.796864
851.802710
851.801735
851.795509
817.501015
817.491902
817.486992
817.493636
817.499973
817.491046
817.477879
817.468423
817.463299
817.453716
817.453398
817.464398
817.468178
817.470539
817.473472
817.483240
817.490176
817.495731
817.496168
817.508713
817.526726
817.539028
817.533935
817.520475
817.505140
817.497723
817.500257
817.509028
817.508974
817.502192
784.528516
784.518087
784.512588
784.521207
784.529394
784.518724
784.503608
784.493268
784.488357
784.476162
784.475076
784.488425
784.491883
784.494437
784.497791
784.510410
784.518737
784.525148
784.523030
784.535701
784.554711
784.567781
784.560714
784.544551
784.526468
784.518368
784.522540
784.534630
784.535392
784.527659
752.777575
752.765371
752.759016
752.769991
752.780537
752.767737
752.750456
752.739245
752.734936
752.719652
752.717723
752.734094
752.736961
752.739648
752.743142
752.758931
752.768522
752.775964
752.770658
752.783715
752.804067
752.818321
752.809007
752.790018
752.768917
752.760086
752.765972
752.781861
752.783319
752.774136
722.161050
722.146510
722.138997
722.152761
722.166247
722.150845
722.131169
722.119094
722.115885
722.096914
722.094028
722.114239
722.116148
722.118934
722.122230
722.141613
722.152305
722.161050
722.151765
722.165515
722.187553
722.203456
722.191572
722.169636
722.145207
722.135601
722.143276
722.163539
722.165559
722.154301
692.600844
692.583281
692.574263
692.591304
692.608404
692.589824
692.567514
692.554570
692.553091
692.529697
692.525697
692.550738
692.551201
692.554094
692.556776
692.580300
692.591874
692.602312
692.588071
692.602891
692.626946
692.645029
692.630182
692.605198
692.577085
692.566664
692.576195
692.601516
692.603943
692.589834
664.026703
664.005277
663.994361
664.015228
664.036728
664.014264
663.989076
663.975240
663.976279
663.947563
663.942241
663.973308
663.971691
663.974754
663.976309
664.004667
664.016818
664.029490
664.009098
664.025454
664.051845
664.072717
664.054430
664.026320
663.994119
663.982853
663.994282
664.025473
664.028133
664.010213
636.375207
636.348895
636.335637
636.360946
636.387760
636.360561
636.332255
636.317471
636.322005
636.286878
636.279969
636.318507
636.313990
636.317363
636.317156
636.351214
636.363526
636.379157
636.351155
636.369632
636.398651
636.423021
636.400708
636.369438
636.332687
636.320562
636.333898
636.371915
636.374612
636.351699
609.588930
609.556484
609.540389
609.570826
609.604026
609.571062
609.539408
609.523577
609.532810
609.489962
609.481131
609.528877
609.520416
609.524346
609.521589
609.562414
609.574326
609.593867
609.556488
609.577819
609.609724
609.638418
609.611365
609.576956
609.535127
609.522151
609.537352
609.583317
609.585834
609.556480
583.615717
583.575621
583.556145
583.592470
583.633305
583.593337
583.558134
583.541094
583.556499
583.504360
583.493195
583.552230
583.538510
583.543378
583.537097
583.586002
583.596760
583.621445
583.572552
583.597659
583.632649
583.666636
583.633974
583.596523
583.549010
583.535223
583.552178
583.607405
583.609504
583.571944
558.408076
558.358496
558.335043
558.378095
558.428023
558.379570
558.340657
558.322163
558.345529
558.282234
558.268226
558.341037
558.320410
558.326777
558.315766
558.374354
558.382965
558.414369
558.351389
558.381425
558.419626
558.460044
558.420718
558.380418
558.326526
558.312011
558.330519
558.396537
558.397965
558.350055
533.922656
533.861373
533.833306
533.884003
533.944722
533.886018
533.843299
533.822993
533.856486
533.779822
533.762354
533.851903
533.822326
533.830973
533.813749
533.883970
533.889141
533.929251
533.849101
533.885504
533.926934
533.975125
533.927859
533.885027
533.823951
533.808847
533.828595
533.907182
533.907675
533.846819
510.119798
510.044141
510.010787
510.070126
510.143613
510.072562
510.026029
510.003409
510.049631
509.956992
509.935318
510.045119
510.004071
510.016063
509.990806
510.075017
510.075085
510.126391
510.025381
510.069936
510.114475
510.172022
510.115280
510.070384
510.001195
509.985713
510.006245
510.099461
510.098749
510.021825
486.963152
486.869915
486.830576
486.899631
486.988185
486.902304
486.852072
486.826452
486.888517
486.776840
486.750067
486.884272
486.828670
486.845419
486.809903
486.910952
486.903800
486.969388
486.843122
486.898033
486.945380
487.014149
486.946086
486.899785
486.821403
486.805848
486.826532
486.936755
486.934577
486.837837
464.419341
464.304685
464.258660
464.338578
464.444864
464.341227
464.287566
464.258030
464.339649
464.205351
464.172412
464.335919
464.262005
464.285355
464.236867
464.358175
464.341137
464.424808
464.268061
464.336036
464.385660
464.467854
464.386265
464.339444
464.250613
464.235407
464.255397
464.385370
464.381482
464.260448
442.457678
442.317022
442.263623
442.355619
442.482723
442.357890
442.301276
442.266619
442.372194
442.211100
442.170728
442.369286
442.272515
442.304830
442.240083
442.385748
442.355494
442.461898
442.268481
442.352826
442.403905
442.502124
442.404379
442.358204
442.257458
442.243168
442.261361
442.414231
442.408426
442.257771
421.049908
420.877808
420.816391
420.921734
421.073225
420.923164
420.864331
420.822996
420.957724
420.764985
420.715681
420.956028
420.830923
420.875202
420.790220
420.965138
420.917545
421.052333
420.814932
420.919671
420.971023
421.088329
420.971305
420.927272
420.812900
420.800273
420.815258
420.994631
420.986761
420.800166
400.170000
399.960000
399.890000
400.010000
400.190000
400.010000
399.950000
399.900000
400.070000
399.840000
399.780000
400.070000
399.910000
399.970000
399.860000
400.070000
400.000000
400.170000
399.880000
400.010000
400.060000
400.200000
400.060000
400.020000
399.890000
399.880000
399.890000
400.100000
400.090000
399.860000
