1406.61
1406.84
1407.24
1407.79
1408.78
1410.24
1412.05
1414.42
1417.48
1420.76
1424.32
1427.93
1431.01
1433.33
1434.65
1434.6
1433.23
1430.91
1427.83
1424.37
1420.79
1417.38
1414.59
1412.22
1410.28
1408.91
1408
1407.23
1406.83
1406.72
1320.45
1320.82
1321.57
1322.75
1324.63
1327.34
1330.91
1335.52
1341.23
1347.66
1354.56
1361.4
1367.39
1371.88
1374.33
1374.29
1371.81
1367.31
1361.34
1354.58
1347.68
1341.19
1335.64
1331.04
1327.41
1324.75
1322.9
1321.59
1320.82
1320.51
1240.39
1240.9
1241.96
1243.7
1246.4
1250.26
1255.44
1262.12
1270.35
1279.72
1289.78
1299.73
1308.49
1315.06
1318.61
1318.58
1315
1308.43
1299.68
1289.8
1279.74
1270.34
1262.22
1255.55
1250.34
1246.51
1243.82
1242
1240.91
1240.43
1165.61
1166.25
1167.6
1169.83
1173.26
1178.18
1184.84
1193.47
1204.07
1216.24
1229.34
1242.29
1253.74
1262.34
1266.96
1266.94
1262.29
1253.69
1242.25
1229.34
1216.26
1204.07
1193.55
1184.94
1178.26
1173.36
1169.93
1167.63
1166.27
1165.64
1095.45
1096.2
1097.8
1100.47
1104.57
1110.46
1118.49
1128.93
1141.79
1156.65
1172.69
1188.58
1202.67
1213.26
1218.96
1218.95
1213.22
1202.62
1188.55
1172.69
1156.66
1141.81
1128.99
1118.58
1110.54
1104.66
1100.56
1097.84
1096.22
1095.47
1029.36
1030.2
1032.02
1035.08
1039.77
1046.55
1055.85
1067.99
1083.02
1100.48
1119.38
1138.17
1154.87
1167.46
1174.24
1174.22
1167.43
1154.84
1138.14
1119.38
1100.49
1083.04
1068.05
1055.93
1046.63
1039.86
1035.16
1032.06
1030.22
1029.37
966.879
967.805
969.813
973.204
978.43
986.017
996.487
1010.24
1027.35
1047.32
1069.04
1090.7
1110.02
1124.61
1132.47
1132.46
1124.58
1109.99
1090.68
1069.03
1047.33
1027.37
1010.29
996.559
986.092
978.508
973.273
969.853
967.826
966.889
907.627
908.623
910.792
914.47
920.167
928.487
940.044
955.317
974.419
996.849
1021.35
1045.89
1067.83
1084.44
1093.4
1093.39
1084.42
1067.81
1045.87
1021.35
996.856
974.441
955.366
940.11
928.559
920.241
914.534
910.829
908.643
907.635
851.281
852.335
854.635
858.558
864.668
873.648
886.21
902.921
923.95
948.784
976.047
1003.46
1028.06
1046.72
1056.8
1056.79
1046.7
1028.04
1003.44
976.043
948.791
923.971
902.967
886.273
873.718
864.739
858.617
854.67
852.353
851.287
797.563
798.662
801.069
805.196
811.663
821.237
834.726
852.797
875.687
902.883
932.894
963.194
990.481
1011.23
1022.46
1022.46
1011.22
990.465
963.182
932.888
902.888
875.707
852.84
834.786
821.304
811.731
805.251
801.101
798.678
797.568
746.235
747.367
749.856
754.149
760.921
771.023
785.367
804.725
829.416
858.936
891.688
924.904
954.922
977.808
990.214
990.209
977.796
954.909
924.893
891.682
858.94
829.434
804.765
785.423
771.088
760.988
754.202
749.887
747.381
746.239
697.089
698.244
700.793
705.215
712.242
722.809
737.937
758.513
784.948
816.761
852.254
888.416
921.217
946.29
959.902
959.898
946.28
921.207
888.408
852.247
816.763
784.965
758.551
737.991
722.874
712.308
705.265
700.82
698.256
697.092
649.946
651.113
653.7
658.217
665.452
676.425
692.268
713.995
742.12
776.198
814.436
853.581
889.222
916.538
931.393
931.39
916.531
889.215
853.575
814.428
776.198
742.135
714.031
692.32
676.488
665.518
658.265
653.724
651.123
649.947
604.645
605.816
608.42
612.999
620.396
631.717
648.211
671.025
700.788
737.105
778.098
820.268
858.81
888.431
904.566
904.564
888.426
858.806
820.264
778.088
737.103
700.801
671.059
648.262
631.78
620.463
613.046
608.441
605.822
604.645
561.047
562.212
564.815
569.426
576.941
588.555
605.636
629.472
660.824
699.358
743.118
788.358
829.869
861.86
879.315
879.313
861.856
829.868
788.356
743.106
699.354
660.836
629.505
605.685
588.618
577.009
569.471
564.833
562.216
561.046
519.028
520.179
522.762
527.375
534.967
546.82
564.426
589.223
622.117
662.845
709.387
757.747
802.297
836.728
855.545
855.544
836.725
802.299
757.747
709.373
662.839
622.126
589.255
564.473
546.883
535.038
527.419
522.776
520.179
519.024
478.476
479.605
482.152
486.74
494.369
506.409
524.479
550.177
584.564
627.468
676.808
728.339
776.005
812.948
833.172
833.171
812.945
776.009
728.342
676.791
627.46
584.571
550.207
524.525
506.472
494.443
486.783
482.162
479.602
478.47
439.292
440.391
442.887
447.424
455.051
467.228
485.702
512.241
548.075
593.136
645.293
700.051
750.91
790.44
812.118
812.117
790.439
750.917
700.057
645.272
593.126
548.08
512.271
485.747
467.292
455.129
447.466
442.893
440.386
439.284
401.387
402.45
404.88
409.34
416.928
429.194
448.015
475.335
512.568
559.768
614.763
672.805
726.938
769.135
792.315
792.315
769.135
726.949
672.814
614.737
559.756
512.571
475.364
448.058
429.258
417.012
409.381
404.881
402.441
401.376
364.68
365.7
368.05
372.41
379.925
392.231
411.341
439.384
477.971
527.293
585.145
646.53
704.023
748.969
773.701
773.701
748.969
704.037
646.543
585.114
527.278
477.97
439.413
411.382
392.295
380.015
372.451
368.046
365.687
364.665
329.097
330.069
332.326
336.564
343.971
356.271
375.614
404.322
444.216
495.642
556.375
621.162
682.103
729.883
756.22
756.22
729.882
682.121
621.181
556.336
495.625
444.212
404.351
375.653
356.337
344.069
336.604
332.317
330.053
329.078
294.573
295.491
297.644
301.738
309.004
321.254
340.774
370.087
411.242
464.755
528.391
596.644
661.124
711.824
739.819
739.82
711.823
661.145
596.669
528.344
464.737
411.235
370.118
340.811
321.32
309.112
301.777
297.628
295.471
294.549
261.047
261.905
263.943
267.874
274.967
287.124
306.766
336.627
378.994
434.577
501.139
572.922
641.033
694.744
724.453
724.454
694.742
641.058
572.954
501.083
434.557
378.984
336.658
306.8
287.189
275.088
267.912
263.92
261.882
261.016
228.463
229.257
231.171
234.918
241.808
253.829
273.539
303.89
347.422
405.058
474.569
549.946
621.784
678.599
710.079
710.081
678.595
621.814
549.987
474.501
405.037
347.407
303.923
273.571
253.894
241.943
234.955
231.139
229.231
228.425
196.771
197.497
199.276
202.823
209.481
221.324
241.047
271.83
316.479
376.149
448.634
527.67
603.334
663.348
696.658
696.66
663.342
603.368
527.722
448.551
376.128
316.459
271.866
241.076
221.388
209.632
202.857
199.234
197.468
196.725
165.924
166.577
168.214
171.544
177.94
189.567
209.25
240.406
286.122
347.809
423.29
506.053
585.644
648.954
684.154
684.157
648.945
585.683
506.118
423.19
347.788
286.096
240.446
209.275
189.629
178.112
171.575
168.162
166.546
165.868
135.88
136.456
137.942
141.039
147.147
158.518
178.109
209.579
256.312
319.996
398.499
485.055
568.676
635.383
672.536
672.54
635.37
568.72
485.136
398.378
319.978
256.28
209.624
178.129
158.577
147.342
141.067
137.878
136.423
135.812
106.598
107.093
108.423
111.271
117.065
128.142
147.588
179.313
227.012
292.675
374.223
464.639
552.396
622.602
661.772
661.777
622.585
552.446
464.739
374.077
292.66
226.972
179.365
147.602
128.196
117.287
111.294
108.345
107.06
106.516
78.043
78.4523
79.6197
82.2055
87.6599
98.4059
117.655
149.577
198.188
265.81
350.427
444.771
536.774
610.584
651.835
651.843
610.561
536.829
444.894
350.252
265.801
198.139
149.637
117.662
98.4542
87.9131
82.2229
79.5269
78.4198
77.9433
