1406.64
1406.76
1407.2
1407.82
1408.94
1410.19
1412.17
1414.61
1417.53
1420.92
1424.44
1427.87
1430.99
1433.24
1434.44
1434.45
1433.18
1431.03
1428.04
1424.46
1420.79
1417.47
1414.54
1412.17
1410.21
1408.83
1407.88
1407.17
1406.76
1406.64
1320.45
1320.77
1321.55
1322.79
1324.74
1327.34
1331.01
1335.66
1341.3
1347.78
1354.65
1361.38
1367.36
1371.8
1374.18
1374.18
1371.77
1367.4
1361.49
1354.66
1347.69
1341.25
1335.61
1331
1327.34
1324.68
1322.81
1321.53
1320.76
1320.45
1240.39
1240.87
1241.96
1243.74
1246.49
1250.29
1255.52
1262.24
1270.42
1279.82
1289.85
1299.72
1308.46
1314.99
1318.49
1318.49
1314.97
1308.49
1299.8
1289.86
1279.76
1270.37
1262.2
1255.51
1250.28
1246.44
1243.75
1241.94
1240.86
1240.39
1165.61
1166.23
1167.6
1169.88
1173.34
1178.23
1184.92
1193.57
1204.14
1216.32
1229.39
1242.28
1253.71
1262.27
1266.87
1266.87
1262.27
1253.74
1242.34
1229.4
1216.28
1204.09
1193.53
1184.9
1178.21
1173.3
1169.87
1167.59
1166.23
1165.61
1095.45
1096.2
1097.82
1100.52
1104.64
1110.51
1118.56
1129.01
1141.86
1156.72
1172.72
1188.57
1202.64
1213.2
1218.88
1218.88
1213.2
1202.66
1188.61
1172.73
1156.68
1141.82
1128.98
1118.54
1110.49
1104.61
1100.51
1097.8
1096.19
1095.45
1029.37
1030.21
1032.05
1035.13
1039.84
1046.61
1055.92
1068.07
1083.08
1100.53
1119.41
1138.16
1154.84
1167.41
1174.17
1174.17
1167.41
1154.86
1138.19
1119.41
1100.5
1083.05
1068.03
1055.89
1046.59
1039.81
1035.11
1032.03
1030.2
1029.36
966.888
967.821
969.845
973.256
978.495
986.076
996.552
1010.31
1027.4
1047.36
1069.06
1090.69
1109.99
1124.56
1132.42
1132.42
1124.57
1110.01
1090.72
1069.06
1047.34
1027.37
1010.28
996.528
986.052
978.466
973.235
969.827
967.811
966.885
907.641
908.646
910.83
914.526
920.232
928.546
940.104
955.375
974.464
996.88
1021.36
1045.87
1067.8
1084.4
1093.36
1093.36
1084.41
1067.82
1045.9
1021.37
996.862
974.436
955.347
940.079
928.521
920.203
914.502
910.81
908.635
907.638
851.299
852.363
854.679
858.617
864.733
873.707
886.266
902.972
923.987
948.807
976.052
1003.44
1028.02
1046.68
1056.76
1056.76
1046.69
1028.05
1003.46
976.057
948.791
923.962
902.945
886.242
873.682
864.703
858.59
854.657
852.351
851.296
797.585
798.695
801.117
805.258
811.729
821.295
834.778
852.842
875.718
902.898
932.891
963.173
990.449
1011.19
1022.42
1022.43
1011.2
990.47
963.195
932.896
902.883
875.694
852.817
834.754
821.268
811.698
805.228
801.093
798.682
797.583
746.261
747.405
749.91
754.215
760.989
771.08
785.415
804.763
829.439
858.942
891.678
924.879
954.888
977.772
990.18
990.182
977.783
954.911
924.901
891.684
858.93
829.416
804.74
785.39
771.053
760.957
754.182
749.883
747.391
746.258
697.119
698.286
700.852
705.286
712.312
722.866
737.981
758.546
784.965
816.759
852.237
888.386
921.181
946.255
959.872
959.875
946.267
921.205
888.409
852.243
816.747
784.943
758.523
737.958
722.839
712.278
705.249
700.822
698.272
697.117
649.979
651.159
653.764
658.292
665.524
676.481
692.309
714.023
742.132
776.188
814.413
853.548
889.184
916.505
931.367
931.369
916.518
889.21
853.572
814.42
776.176
742.11
714.002
692.286
676.453
665.488
658.251
653.731
651.144
649.977
604.681
605.865
608.489
613.08
620.472
631.773
648.249
671.047
700.795
737.088
778.069
820.23
858.77
888.4
904.544
904.545
888.413
858.799
820.256
778.076
737.076
700.773
671.027
648.226
631.745
620.434
613.034
608.454
605.85
604.681
561.086
562.265
564.889
569.512
577.02
588.61
605.67
629.49
660.827
699.333
743.083
788.316
829.826
861.83
879.297
879.296
861.844
829.858
788.344
743.091
699.321
660.804
629.472
605.648
588.582
576.981
569.462
564.851
562.25
561.087
519.068
520.234
522.842
527.467
535.05
546.875
564.457
589.237
622.115
662.813
709.346
757.701
802.252
836.7
855.531
855.529
836.713
802.288
757.732
709.354
662.8
622.091
589.221
564.435
546.848
535.009
527.412
522.8
520.219
519.071
478.518
479.662
482.237
486.838
494.456
506.462
524.507
550.187
584.558
627.428
676.761
728.29
775.957
812.921
833.161
833.158
812.934
775.997
728.324
676.77
627.414
584.534
550.172
524.485
506.436
494.413
486.778
482.192
479.648
478.523
439.334
440.45
442.978
447.529
455.143
467.28
485.727
512.248
548.067
593.088
645.241
699.997
750.859
790.415
812.113
812.107
790.428
750.903
700.035
645.25
593.073
548.04
512.235
485.706
467.255
455.099
447.462
442.929
440.437
439.342
401.429
402.51
404.977
409.452
417.026
429.244
448.035
475.338
512.559
559.711
614.706
672.747
726.883
769.112
792.315
792.306
769.125
726.934
672.789
614.715
559.695
512.529
475.328
448.015
429.221
416.98
409.378
404.923
402.499
401.44
364.72
365.761
368.153
372.529
380.028
392.28
411.358
439.383
477.96
527.226
585.083
646.469
703.964
748.948
773.707
773.694
748.96
704.021
646.515
585.092
527.208
477.928
439.376
411.338
392.258
379.981
372.448
368.095
365.751
364.736
329.134
330.131
332.436
336.692
344.08
356.318
375.627
404.317
444.205
495.564
556.307
621.098
682.039
729.865
756.232
756.214
729.874
682.104
621.149
556.317
495.544
444.169
404.314
375.607
356.299
344.032
336.601
332.373
330.123
329.157
294.606
295.552
297.761
301.874
309.121
321.298
340.783
370.079
411.233
464.666
528.319
596.577
661.053
711.808
739.839
739.815
711.816
661.128
596.633
528.328
464.643
411.192
370.081
340.763
321.282
309.072
301.774
297.692
295.547
294.636
261.074
261.966
264.068
268.019
275.092
287.164
306.77
336.614
378.988
434.474
501.063
572.851
640.956
694.731
724.482
724.45
694.737
641.041
572.913
501.072
434.45
378.941
336.622
306.749
287.151
275.043
267.907
263.993
261.964
261.113
228.483
229.317
231.304
235.073
241.943
253.865
273.539
303.873
347.42
404.939
474.489
549.872
621.699
678.589
710.117
710.076
678.591
621.796
549.94
474.497
404.912
347.366
303.888
273.516
253.857
241.894
234.948
231.222
229.318
228.533
196.782
197.555
199.418
202.988
209.625
221.355
241.043
271.808
316.484
376.013
448.551
527.594
603.24
663.342
696.707
696.655
663.34
603.351
527.668
448.557
375.983
316.421
271.833
241.018
221.351
209.577
202.848
199.329
197.559
196.845
165.923
166.633
168.365
171.719
178.097
189.59
209.24
240.378
286.136
347.651
423.205
505.974
585.538
648.952
684.215
684.15
648.945
585.666
506.055
423.21
347.619
286.063
240.414
209.212
189.593
178.05
171.562
168.269
166.641
166.002
135.864
136.508
138.104
141.225
147.317
158.533
178.094
209.545
256.339
319.815
398.413
484.975
568.558
635.385
672.611
672.529
635.372
568.704
485.062
398.415
319.78
256.253
209.595
178.061
158.543
147.272
141.049
138.001
136.522
135.962
106.565
107.142
108.596
111.468
117.249
128.147
147.568
179.272
227.055
292.466
374.137
464.558
552.264
622.61
661.863
661.762
622.589
552.431
464.653
374.136
292.428
226.954
179.338
147.528
128.166
117.208
111.271
108.484
107.161
106.686
77.9885
78.4969
79.8058
82.414
87.8609
98.3999
117.63
149.528
198.252
265.568
350.343
444.69
536.624
610.597
651.944
651.821
610.568
536.816
444.793
350.338
265.529
198.134
149.614
117.581
98.4283
87.8246
82.1919
79.685
78.5213
78.1364
